1,2,79,0,46729.77,211.0963582,8.106
1,2,40,0,66780.63,211.0963582,8.106
1,2,92,0,139884.94,211.0963582,8.106
1,2,17,1,13403.66,211.2421698,8.106
1,2,38,1,94136.35,211.2421698,8.106
1,2,22,1,14807.95,211.2421698,8.106
1,2,18,1,19006.5,211.2421698,8.106
1,2,38,0,98672.59,211.2891429,8.106
1,2,9,0,15880.85,211.2891429,8.106
1,2,82,0,20195.2,211.2891429,8.106
1,2,34,0,13006.5,211.2891429,8.106
1,2,92,0,135066.75,211.2891429,8.106
1,2,8,0,35318.2,211.3196429,8.106
1,2,38,0,92755.59,211.3196429,8.106
1,2,14,0,16118.26,211.3196429,8.106
1,3,49,0,16445.28,211.3501429,8.106
1,3,91,0,62755.71,211.3501429,8.106
1,3,17,0,12657.65,211.3501429,8.106
1,3,9,0,24064.7,211.3501429,8.106
1,3,2,0,43751.94,211.3806429,8.106
1,3,95,0,112048.41,211.3806429,8.106
1,3,22,0,10372.48,211.3806429,8.106
1,3,8,0,34342.64,211.3806429,8.106
1,3,2,0,43615.49,211.215635,8.106
1,3,4,0,34118.11,211.215635,8.106
1,3,10,0,33731.81,211.215635,8.106
1,3,79,0,29223.39,211.0180424,8.106
1,3,2,0,41892.55,211.0180424,8.106
1,3,9,0,27897.97,211.0180424,8.106
1,3,46,0,16803.77,211.0180424,8.106
1,3,38,0,95855.41,211.0180424,8.106
1,4,2,0,47450.5,210.8204499,7.808
1,4,79,0,40910.94,210.8204499,7.808
1,4,9,0,25435.02,210.8204499,7.808
1,4,11,0,21762.46,210.8204499,7.808
1,4,8,0,38151.58,210.8204499,7.808
1,4,34,0,13863.66,210.6228574,7.808
1,4,87,0,29922.64,210.6228574,7.808
1,4,8,0,34145.96,210.6228574,7.808
1,4,10,0,32486.28,210.6228574,7.808
1,4,2,0,45025.02,210.4887,7.808
1,4,23,0,19811.02,210.4887,7.808
1,4,93,0,67716.6,210.4887,7.808
1,4,9,0,28782.86,210.4887,7.808
1,4,80,0,15583.62,210.4887,7.808
1,4,34,0,12504.5,210.4391228,7.808
1,4,16,0,51604.72,210.4391228,7.808
1,4,1,0,16145.35,210.4391228,7.808
1,4,9,0,24664.06,210.4391228,7.808
1,4,10,0,29091.15,210.4391228,7.808
1,4,14,0,12172.32,210.3895456,7.808
1,4,94,0,60744.62,210.3895456,7.808
1,4,11,0,20001.75,210.3895456,7.808
1,4,4,0,33437.8,210.3895456,7.808
1,4,10,0,30666.59,210.3895456,7.808
1,5,13,0,40113.4,210.3399684,7.808
1,5,95,0,125592.28,210.3399684,7.808
1,5,90,0,76733.25,210.3399684,7.808
1,5,72,0,39104.1,210.3399684,7.808
1,5,11,0,23301.17,210.3374261,7.808
1,5,12,0,12235.62,210.6170934,7.808
1,5,34,0,14001.84,210.6170934,7.808
1,5,95,0,120036.99,210.6170934,7.808
1,5,93,0,60155.18,210.8967606,7.808
1,5,38,0,87937.0,210.8967606,7.808
1,5,97,0,30171.25,210.8967606,7.808
1,5,87,0,32034.24,210.8967606,7.808
1,5,16,0,45861.03,210.8967606,7.808
1,6,93,0,71718.04,211.1764278,7.808
1,6,16,0,47485.63,211.1764278,7.808
1,6,46,0,22445.36,211.1764278,7.808
1,6,98,0,10994.44,211.1764278,7.808
1,6,94,0,64201.0,211.4560951,7.808
1,6,16,0,31807.72,211.4560951,7.808
1,6,91,0,70982.33,211.4560951,7.808
1,6,82,0,18551.52,211.4560951,7.808
1,6,91,0,66093.15,211.4537719,7.808
1,6,74,0,12132.61,211.4537719,7.808
1,6,94,0,66420.45,211.4537719,7.808
1,6,12,0,11629.41,211.4537719,7.808
1,6,46,0,18936.81,211.4537719,7.808
1,6,67,0,12443.97,211.4537719,7.808
1,6,25,0,10119.0,211.4537719,7.808
1,6,34,0,13005.0,211.3386526,7.808
1,6,87,0,34040.35,211.3386526,7.808
1,6,92,0,110276.03,211.3386526,7.808
1,6,90,0,73325.44,211.3386526,7.808
1,7,97,0,33726.13,211.2235333,7.787
1,7,23,0,23137.32,211.2235333,7.787
1,7,16,0,32420.4,211.2235333,7.787
1,7,91,0,59462.22,211.2235333,7.787
1,7,95,0,124821.44,211.2235333,7.787
1,7,40,0,54315.84,211.108414,7.787
1,7,92,0,133820.17,211.108414,7.787
1,7,49,0,10287.0,211.108414,7.787
1,7,79,0,30200.62,211.1003854,7.787
1,7,7,0,22666.55,211.1003854,7.787
1,7,1,0,17150.84,211.1003854,7.787
1,7,23,0,19234.02,211.1003854,7.787
1,7,13,0,40552.37,211.2351443,7.787
1,7,82,0,16361.87,211.2351443,7.787
1,7,40,0,52239.9,211.2351443,7.787
1,7,9,0,19079.5,211.2351443,7.787
1,7,79,0,29275.56,211.3699032,7.787
1,8,40,0,57414.42,211.5046621,7.787
1,8,94,0,65856.36,211.5046621,7.787
1,8,74,0,14102.24,211.5046621,7.787
1,8,90,0,78840.85,211.5046621,7.787
1,8,92,0,136852.18,211.5046621,7.787
1,8,11,0,30250.16,211.6394211,7.787
1,8,96,0,29307.77,211.6394211,7.787
1,8,87,0,32838.77,211.6394211,7.787
1,8,16,0,23288.59,211.6394211,7.787
1,8,4,0,36461.66,211.6394211,7.787
1,8,12,0,13294.0,211.6394211,7.787
1,8,13,0,41509.62,211.6033633,7.787
1,8,40,0,53735.68,211.6033633,7.787
1,8,2,0,49754.17,211.6033633,7.787
1,8,7,0,17821.71,211.6033633,7.787
1,8,72,0,44878.45,211.6033633,7.787
1,8,46,0,18042.55,211.6033633,7.787
1,8,40,0,53819.66,211.5673056,7.787
1,8,3,0,51159.17,211.5673056,7.787
1,9,13,0,44863.15,211.5312479,7.787
1,9,93,0,68070.49,211.5312479,7.787
1,9,40,1,59179.16,211.4951902,7.787
1,9,98,1,11125.38,211.4951902,7.787
1,9,1,1,18194.74,211.4951902,7.787
1,9,5,1,17776.56,211.4951902,7.787
1,9,79,0,31291.01,211.5224596,7.787
1,9,23,0,15589.89,211.5224596,7.787
1,9,46,0,16773.5,211.5224596,7.787
1,9,13,0,38416.22,211.5224596,7.787
1,9,46,0,15994.65,211.5972246,7.787
1,9,90,0,69826.6,211.5972246,7.787
1,9,8,0,31381.97,211.5972246,7.787
1,10,79,0,31074.81,211.6719895,7.838
1,10,2,0,45829.02,211.6719895,7.838
1,10,8,0,34658.25,211.6719895,7.838
1,10,95,0,113009.41,211.6719895,7.838
1,10,1,0,23388.03,211.7467544,7.838
1,10,49,0,10103.94,211.7467544,7.838
1,10,46,0,18378.25,211.7467544,7.838
1,10,79,0,37770.25,211.7467544,7.838
1,10,26,0,10543.31,211.7467544,7.838
1,10,4,0,35772.82,211.7467544,7.838
1,10,92,0,133453.67,211.8137436,7.838
1,10,98,0,11695.24,211.8137436,7.838
1,10,2,0,43110.79,211.8137436,7.838
1,10,90,0,78665.06,211.8137436,7.838
1,10,2,0,42371.48,211.8612937,7.838
1,10,87,0,40137.15,211.9088438,7.838
1,10,1,0,38640.93,211.9088438,7.838
1,10,13,0,37762.12,211.9088438,7.838
1,10,40,0,55868.01,211.9088438,7.838
1,11,87,0,53902.35,211.9563939,7.838
1,11,49,0,13601.15,211.9563939,7.838
1,11,79,0,39589.08,211.9563939,7.838
1,11,11,0,25063.26,211.9563939,7.838
1,11,10,0,31543.83,211.9563939,7.838
1,11,72,0,44777.94,212.003944,7.838
1,11,98,0,11433.3,212.003944,7.838
1,11,2,0,43194.49,212.003944,7.838
1,11,23,0,21370.42,212.003944,7.838
1,11,74,0,10447.25,212.003944,7.838
1,11,9,0,27561.57,211.8896737,7.838
1,11,80,0,16193.03,211.8896737,7.838
1,11,1,1,18820.29,211.7484333,7.838
1,11,11,1,30865.64,211.7484333,7.838
1,11,6,1,20163.69,211.7484333,7.838
1,11,13,1,38371.99,211.7484333,7.838
1,11,80,1,16373.34,211.7484333,7.838
1,11,14,1,38256.98,211.7484333,7.838
1,12,11,0,29564.78,211.607193,7.838
1,12,38,0,87338.34,211.607193,7.838
1,12,81,0,26820.53,211.607193,7.838
1,12,10,0,26558.42,211.607193,7.838
1,12,7,0,63896.89,211.4659526,7.838
1,12,87,0,45843.52,211.4659526,7.838
1,12,2,0,46955.82,211.4659526,7.838
1,12,25,0,11086.99,211.4659526,7.838
1,12,4,0,36364.31,211.4659526,7.838
1,12,34,0,13940.0,211.4053124,7.838
1,12,23,0,40193.56,211.4053124,7.838
1,12,25,0,17880.04,211.4051222,7.838
1,12,22,0,19256.51,211.4051222,7.838
1,12,34,0,17933.0,211.4051222,7.838
1,12,38,0,57718.48,211.4051222,7.838
1,12,92,0,181376.38,211.4051222,7.838
1,12,46,0,54830.17,211.4051222,7.838
1,12,95,0,121695.13,211.4051222,7.838
1,12,97,1,28591.28,211.4049321,7.838
1,1,11,0,22496.85,211.4047419,7.742
1,1,94,0,54928.05,211.4047419,7.742
1,1,82,0,20707.94,211.4047419,7.742
1,1,55,0,10374.82,211.4574109,7.742
1,1,8,0,34228.3,211.4574109,7.742
1,1,1,0,17359.7,211.4574109,7.742
1,1,74,0,10218.41,211.4574109,7.742
1,1,7,0,12657.33,211.8272343,7.742
1,1,79,0,28181.68,211.8272343,7.742
1,1,74,0,10213.69,211.8272343,7.742
1,1,10,0,23852.51,211.8272343,7.742
1,1,7,0,13957.4,212.1970577,7.742
1,1,14,0,11687.25,212.1970577,7.742
1,1,94,0,55124.2,212.1970577,7.742
1,1,8,0,35110.75,212.1970577,7.742
1,1,10,0,26223.02,212.1970577,7.742
1,2,97,0,37785.87,212.5668812,7.742
1,2,95,0,114270.08,212.5668812,7.742
1,2,96,0,28899.26,212.5668812,7.742
1,2,22,0,12670.48,212.5668812,7.742
1,2,80,0,15251.2,212.5668812,7.742
1,2,90,1,80990.37,212.9367046,7.742
1,2,34,1,12543.6,212.9367046,7.742
1,2,4,1,37373.33,212.9367046,7.742
1,2,97,0,32770.02,213.2478853,7.742
1,2,93,0,72548.7,213.2478853,7.742
1,2,74,0,14377.53,213.2478853,7.742
1,2,18,0,22185.08,213.2478853,7.742
1,2,3,0,11724.98,213.2478853,7.742
1,2,5,0,23870.31,213.535609,7.742
1,2,90,0,72506.47,213.535609,7.742
1,2,23,0,19336.18,213.535609,7.742
1,2,79,0,30624.72,213.535609,7.742
1,3,17,0,12994.45,213.8233327,7.742
1,3,16,0,28635.06,213.8233327,7.742
1,3,9,0,27078.81,213.8233327,7.742
1,3,87,0,61018.21,213.8233327,7.742
1,3,79,0,45717.53,213.8233327,7.742
1,3,14,0,14490.48,214.1110564,7.742
1,3,38,0,65990.45,214.1110564,7.742
1,3,12,0,11762.08,214.1110564,7.742
1,3,81,0,31048.92,214.3627114,7.742
1,3,55,0,14963.42,214.3627114,7.742
1,3,98,0,12520.13,214.3627114,7.742
1,3,92,0,134321.31,214.3627114,7.742
1,3,93,0,74159.07,214.3627114,7.742
1,3,38,0,69452.49,214.3627114,7.742
1,3,94,0,69906.91,214.3627114,7.742
1,3,79,0,28503.22,214.5999389,7.742
1,3,72,0,42627.73,214.5999389,7.742
1,3,74,0,11597.81,214.5999389,7.742
1,3,25,0,13071.74,214.5999389,7.742
1,4,79,0,35814.98,214.8371664,7.682
1,4,1,0,20398.09,214.8371664,7.682
1,4,4,0,34451.9,214.8371664,7.682
1,4,90,0,74995.0,214.8371664,7.682
1,4,91,0,59382.04,214.8371664,7.682
1,4,1,0,23873.79,215.0743939,7.682
1,4,97,0,38632.57,215.0743939,7.682
1,4,93,0,76943.85,215.0743939,7.682
1,4,90,0,83707.82,215.0743939,7.682
1,4,80,0,16632.37,215.0743939,7.682
1,4,18,0,32563.54,215.0743939,7.682
1,4,12,0,12822.2,215.2918561,7.682
1,4,14,0,12151.4,215.2918561,7.682
1,4,4,0,33466.89,215.2918561,7.682
1,4,98,0,12431.67,215.2918561,7.682
1,4,5,0,22719.82,215.2918561,7.682
1,4,96,0,34057.63,215.4599053,7.682
1,4,98,0,14009.56,215.4599053,7.682
1,4,97,0,34137.86,215.4599053,7.682
1,4,2,0,43682.41,215.6279544,7.682
1,4,40,0,55277.98,215.6279544,7.682
1,4,90,0,75655.35,215.6279544,7.682
1,4,81,0,28068.91,215.6279544,7.682
1,5,17,0,10121.32,215.7960035,7.682
1,5,25,0,10466.42,215.7960035,7.682
1,5,14,0,15820.88,215.7960035,7.682
1,5,56,0,10048.15,215.9640526,7.682
1,5,96,0,31276.01,215.9640526,7.682
1,5,38,0,100494.82,215.9640526,7.682
1,5,49,0,11749.4,215.9640526,7.682
1,5,5,0,15587.78,215.9640526,7.682
1,5,94,0,65244.11,215.7339202,7.682
1,5,13,0,35816.48,215.7339202,7.682
1,5,98,0,10650.51,215.7339202,7.682
1,5,93,0,67912.16,215.7339202,7.682
1,5,38,0,84842.8,215.7339202,7.682
1,5,81,0,29396.41,215.7339202,7.682
1,5,79,0,29087.29,215.7339202,7.682
1,5,94,0,68368.2,215.5037878,7.682
1,5,49,0,12403.64,215.5037878,7.682
1,5,9,0,26204.22,215.5037878,7.682
1,6,7,0,38450.3,215.2736553,7.682
1,6,55,0,10291.31,215.2736553,7.682
1,6,49,0,10410.0,215.2736553,7.682
1,6,93,0,74984.12,215.2736553,7.682
1,6,2,0,47844.27,215.2736553,7.682
1,6,72,0,34638.69,215.2736553,7.682
1,6,14,0,11795.34,215.0435229,7.682
1,6,1,0,15883.52,215.0435229,7.682
1,6,80,0,16982.86,215.0435229,7.682
1,6,74,0,11416.57,215.0435229,7.682
1,6,67,0,10310.58,214.9980596,7.682
1,6,94,0,64493.89,214.9980596,7.682
1,6,25,0,11050.45,215.0910982,7.682
1,6,94,0,60233.74,215.0910982,7.682
1,6,23,0,25480.66,215.0910982,7.682
1,6,93,0,64541.85,215.0910982,7.682
1,7,72,0,37493.58,215.1841368,7.962
1,7,82,0,20927.08,215.1841368,7.962
1,7,7,0,23747.1,215.1841368,7.962
1,7,74,0,10969.87,215.1841368,7.962
1,7,94,0,64090.76,215.1841368,7.962
1,7,46,0,20819.37,215.2771754,7.962
1,7,38,0,70660.17,215.2771754,7.962
1,7,80,0,16737.68,215.2771754,7.962
1,7,23,0,19567.15,215.2771754,7.962
1,7,9,0,17344.99,215.3611087,7.962
1,7,79,0,29505.12,215.3611087,7.962
1,7,97,0,35158.35,215.4222784,7.962
1,7,72,0,35464.49,215.4222784,7.962
1,7,38,0,65138.27,215.4222784,7.962
1,7,40,0,49585.06,215.4222784,7.962
1,7,79,0,28530.68,215.4222784,7.962
1,7,8,0,34006.29,215.4222784,7.962
1,7,10,0,30521.96,215.4834482,7.962
1,7,7,0,16061.11,215.4834482,7.962
1,7,79,0,28715.75,215.4834482,7.962
1,7,40,0,48943.99,215.4834482,7.962
1,8,46,0,19741.45,215.544618,7.962
1,8,12,0,10145.97,215.544618,7.962
1,8,1,0,15295.55,215.544618,7.962
1,8,23,0,20923.11,215.544618,7.962
1,8,87,0,58724.31,215.544618,7.962
1,8,10,0,31383.62,215.6057878,7.962
1,8,8,0,31061.21,215.6057878,7.962
1,8,12,0,11581.03,215.6057878,7.962
1,8,5,0,21320.93,215.6057878,7.962
1,8,24,0,14288.65,215.6693107,7.962
1,8,93,0,75368.89,215.6693107,7.962
1,8,87,0,46018.41,215.6693107,7.962
1,8,90,0,78805.43,215.7332258,7.962
1,8,1,0,14537.37,215.7332258,7.962
1,8,80,0,17705.84,215.7332258,7.962
1,8,25,0,10073.34,215.7332258,7.962
1,9,16,0,15288.9,215.7971409,7.962
1,9,94,0,69864.82,215.7971409,7.962
1,9,90,1,90974.88,215.861056,7.962
1,9,40,1,56234.81,215.861056,7.962
1,9,94,1,67510.59,215.861056,7.962
1,9,8,0,35018.8,216.0410526,7.962
1,9,3,0,10412.88,216.0410526,7.962
1,9,14,0,13166.76,216.0410526,7.962
1,9,1,0,18535.48,216.0410526,7.962
1,9,40,0,55280.21,216.3758246,7.962
1,9,10,0,27300.29,216.3758246,7.962
1,9,14,0,11558.22,216.3758246,7.962
1,9,97,0,33436.59,216.3758246,7.962
1,9,82,0,18244.98,216.7105965,7.962
1,9,9,0,44042.93,216.7105965,7.962
1,9,79,0,28876.96,216.7105965,7.962
1,9,40,0,56542.57,216.7105965,7.962
1,9,46,0,17225.81,216.7105965,7.962
1,10,23,0,18327.16,217.0453684,7.866
1,10,11,0,21646.32,217.0453684,7.866
1,10,90,0,96124.95,217.0453684,7.866
1,10,46,0,19711.09,217.0453684,7.866
1,10,12,0,12223.55,217.3552733,7.866
1,10,74,0,10472.33,217.3552733,7.866
1,10,96,0,31545.8,217.3552733,7.866
1,10,5,0,22917.89,217.3552733,7.866
1,10,80,0,18211.25,217.5159762,7.866
1,10,7,0,26827.51,217.6766791,7.866
1,10,98,0,12359.3,217.6766791,7.866
1,10,4,0,34247.26,217.6766791,7.866
1,10,92,0,125065.14,217.6766791,7.866
1,11,8,0,36959.48,217.837382,7.866
1,11,1,0,39886.06,217.837382,7.866
1,11,23,0,23869.96,217.837382,7.866
1,11,5,0,31956.07,217.837382,7.866
1,11,10,0,32346.54,217.9980849,7.866
1,11,11,0,23541.72,217.9980849,7.866
1,11,9,0,37670.13,217.9980849,7.866
1,11,2,0,44936.47,217.9980849,7.866
1,11,90,0,95540.57,218.2205088,7.866
1,11,13,0,37077.82,218.2205088,7.866
1,11,92,0,170303.38,218.2205088,7.866
1,11,46,0,17753.95,218.2205088,7.866
1,11,2,0,43997.78,218.2205088,7.866
1,11,25,1,11997.22,218.4676211,7.866
1,11,18,1,30543.19,218.4676211,7.866
1,11,92,1,186516.35,218.4676211,7.866
1,11,94,1,66409.13,218.4676211,7.866
1,12,95,0,102798.99,218.7147333,7.866
1,12,34,0,10172.39,218.7147333,7.866
1,12,8,0,35886.92,218.7147333,7.866
1,12,25,0,11802.37,218.9618456,7.866
1,12,96,0,30613.91,218.9618456,7.866
1,12,87,0,49818.68,218.9618456,7.866
1,12,18,0,41114.36,218.9618456,7.866
1,12,97,0,36644.98,218.9618456,7.866
1,12,3,0,13180.05,219.1794533,7.866
1,12,25,0,11820.17,219.1794533,7.866
1,12,7,0,69511.06,219.1794533,7.866
1,12,97,0,37639.31,219.1794533,7.866
1,12,67,0,11859.38,219.1794533,7.866
1,12,13,0,32782.17,219.1794533,7.866
1,12,22,0,16590.12,219.3577216,7.866
1,12,98,0,18987.35,219.3577216,7.866
1,12,67,0,13785.93,219.3577216,7.866
1,12,32,0,35301.3,219.3577216,7.866
1,12,74,0,13264.44,219.3577216,7.866
1,12,23,0,51911.82,219.3577216,7.866
1,12,29,0,12848.12,219.3577216,7.866
1,12,91,1,48263.59,219.5359898,7.866
1,12,22,1,10671.89,219.5359898,7.866
1,12,32,1,14581.39,219.5359898,7.866
1,12,17,1,10619.45,219.5359898,7.866
1,1,92,0,148782.83,219.7142581,7.348
1,1,95,0,116427.93,219.7142581,7.348
1,1,3,0,13926.04,219.7142581,7.348
1,1,74,0,13944.25,219.7142581,7.348
1,1,1,0,16894.4,219.8925263,7.348
1,1,11,0,24493.4,219.8925263,7.348
1,1,8,0,34033.89,219.8925263,7.348
1,1,72,0,37248.54,219.8925263,7.348
1,1,8,0,35356.12,219.9856893,7.348
1,1,4,0,33780.2,219.9856893,7.348
1,1,13,0,37433.66,219.9856893,7.348
1,1,7,0,11228.15,220.0788523,7.348
1,1,97,0,29976.37,220.0788523,7.348
1,1,9,0,14728.57,220.0788523,7.348
1,2,55,0,13026.55,220.1720153,7.348
1,2,72,0,62524.58,220.1720153,7.348
1,2,3,0,12485.78,220.1720153,7.348
1,2,81,0,31164.04,220.1720153,7.348
1,2,87,0,65266.57,220.1720153,7.348
1,2,80,1,20426.69,220.2651783,7.348
1,2,16,1,13389.35,220.2651783,7.348
1,2,10,1,37764.38,220.2651783,7.348
1,2,8,1,38317.89,220.2651783,7.348
1,2,34,1,14950.38,220.2651783,7.348
1,2,81,1,31595.22,220.2651783,7.348
1,2,82,1,21248.19,220.2651783,7.348
1,2,17,0,11684.73,220.4257586,7.348
1,2,49,0,12154.59,220.4257586,7.348
1,2,10,0,40409.5,220.4257586,7.348
1,2,92,0,155731.37,220.4257586,7.348
1,2,14,0,18574.25,220.636902,7.348
1,2,10,0,37507.44,220.636902,7.348
1,3,97,0,33473.25,220.8480454,7.348
1,3,79,0,47896.34,220.8480454,7.348
1,3,12,0,11994.48,220.8480454,7.348
1,3,38,0,93103.43,220.8480454,7.348
1,3,7,0,16473.91,220.8480454,7.348
1,3,72,0,57117.62,220.8480454,7.348
1,3,94,0,62615.0,221.0591887,7.348
1,3,49,0,13304.61,221.0591887,7.348
1,3,25,0,13087.32,221.0591887,7.348
1,3,11,0,23169.16,221.0591887,7.348
1,3,72,0,48275.27,221.0591887,7.348
1,3,96,0,31233.17,221.0591887,7.348
1,3,55,0,12821.02,221.2118132,7.348
1,3,81,0,32742.74,221.2118132,7.348
1,3,80,0,20586.63,221.2118132,7.348
1,3,72,0,57135.91,221.2118132,7.348
1,3,23,0,19391.07,221.2118132,7.348
1,3,14,0,12757.86,221.2118132,7.348
1,3,91,0,73204.67,221.2118132,7.348
1,3,55,0,10829.7,221.2864126,7.348
1,3,81,0,30173.66,221.2864126,7.348
1,3,23,0,19261.99,221.2864126,7.348
1,3,96,0,33813.81,221.2864126,7.348
1,3,38,0,76834.09,221.2864126,7.348
1,3,56,0,13271.3,221.3610119,7.348
1,3,80,0,18378.63,221.3610119,7.348
1,3,8,0,37745.71,221.3610119,7.348
1,3,94,0,62567.09,221.3610119,7.348
1,3,82,0,19953.17,221.3610119,7.348
1,3,74,0,10369.02,221.3610119,7.348
1,4,98,0,16382.88,221.4356112,7.143
1,4,5,0,28386.81,221.4356112,7.143
1,4,94,0,73687.58,221.4356112,7.143
1,4,11,0,28971.93,221.4356112,7.143
1,4,4,0,37449.26,221.5102105,7.143
1,4,81,0,31857.92,221.5102105,7.143
1,4,98,0,13146.9,221.5102105,7.143
1,4,9,0,33136.94,221.5102105,7.143
1,4,11,0,21874.45,221.5102105,7.143
1,4,87,0,47792.13,221.5102105,7.143
1,4,8,0,36930.94,221.5640737,7.143
1,4,34,0,13070.17,221.5640737,7.143
1,4,10,0,30838.26,221.5640737,7.143
1,4,95,0,118589.44,221.6179368,7.143
1,4,11,0,20710.01,221.6179368,7.143
1,4,90,0,80027.26,221.6179368,7.143
1,5,4,0,41897.55,221.6718,7.143
1,5,74,0,11735.18,221.6718,7.143
1,5,3,0,10655.35,221.6718,7.143
1,5,92,0,143194.31,221.7256632,7.143
1,5,46,0,19212.14,221.7256632,7.143
1,5,74,0,10872.63,221.7256632,7.143
1,5,3,0,10342.72,221.7256632,7.143
1,5,82,0,21132.05,221.742674,7.143
1,5,46,0,19612.54,221.742674,7.143
1,5,25,0,10029.04,221.742674,7.143
1,5,32,0,11330.87,221.742674,7.143
1,5,93,0,79074.91,221.742674,7.143
1,5,8,0,39067.0,221.744944,7.143
1,5,82,0,20094.03,221.744944,7.143
1,5,10,0,34203.35,221.744944,7.143
1,5,7,0,28671.98,221.744944,7.143
1,5,96,0,43038.71,221.744944,7.143
1,5,94,0,63667.37,221.744944,7.143
1,6,4,0,41566.55,221.7472139,7.143
1,6,7,0,31568.92,221.7472139,7.143
1,6,98,0,11368.62,221.7472139,7.143
1,6,80,0,19270.99,221.7472139,7.143
1,6,91,0,62018.23,221.7472139,7.143
1,6,13,0,42304.47,221.7494839,7.143
1,6,1,0,17666.0,221.7494839,7.143
1,6,74,0,15486.03,221.7494839,7.143
1,6,2,0,46637.48,221.7626421,7.143
1,6,12,0,11177.52,221.7626421,7.143
1,6,1,0,17558.82,221.7626421,7.143
1,6,8,0,38163.76,221.7626421,7.143
1,6,74,0,14358.3,221.7626421,7.143
1,6,96,0,39088.11,221.8030211,7.143
1,6,49,0,10268.71,221.8030211,7.143
1,6,80,0,19180.42,221.8434,7.143
1,6,72,0,37125.37,221.8434,7.143
1,6,95,0,131935.56,221.8434,7.143
1,6,8,0,37647.44,221.8434,7.143
1,6,91,0,59527.86,221.8434,7.143
1,7,16,0,42679.2,221.8837789,6.908
1,7,82,0,20764.05,221.8837789,6.908
1,7,8,0,41524.67,221.8837789,6.908
1,7,11,0,36266.25,221.8837789,6.908
1,7,80,0,19943.94,221.9241579,6.908
1,7,46,0,17813.17,221.9241579,6.908
1,7,16,0,22880.3,221.9241579,6.908
1,7,91,0,74382.83,221.9241579,6.908
1,7,98,0,11847.91,221.9327267,6.908
1,7,13,0,39396.59,221.9327267,6.908
1,7,1,0,16348.06,221.9327267,6.908
1,7,38,0,68235.73,221.9327267,6.908
1,7,9,0,22594.18,221.9327267,6.908
1,7,13,0,37423.21,221.9412954,6.908
1,7,10,0,30594.53,221.9412954,6.908
1,7,1,0,15731.18,221.9412954,6.908
1,8,82,0,20729.31,221.9498642,6.908
1,8,4,0,41305.39,221.9498642,6.908
1,8,95,0,134832.22,221.9498642,6.908
1,8,92,0,141450.76,221.9498642,6.908
1,8,5,0,17615.28,221.9498642,6.908
1,8,49,0,13369.91,221.9584329,6.908
1,8,34,0,10609.61,221.9584329,6.908
1,8,5,0,18232.46,221.9584329,6.908
1,8,95,0,136264.68,222.0384109,6.908
1,8,93,0,84700.68,222.0384109,6.908
1,8,94,0,69099.59,222.0384109,6.908
1,8,5,0,15440.65,222.0384109,6.908
1,8,23,0,21808.81,222.0384109,6.908
1,8,90,0,91386.97,222.0384109,6.908
1,8,93,0,65398.77,222.1719457,6.908
1,8,25,0,10625.07,222.1719457,6.908
1,8,90,0,82471.61,222.1719457,6.908
1,8,80,0,19276.87,222.3054805,6.908
1,8,38,0,80706.16,222.3054805,6.908
1,8,10,0,28490.93,222.3054805,6.908
1,8,81,0,30944.5,222.3054805,6.908
1,8,55,0,10045.55,222.3054805,6.908
1,9,4,1,39549.27,222.4390153,6.908
1,9,74,1,11364.73,222.4390153,6.908
1,9,5,1,18236.15,222.4390153,6.908
1,9,13,1,44373.19,222.4390153,6.908
1,9,46,1,19145.58,222.4390153,6.908
1,9,82,1,20542.29,222.4390153,6.908
1,9,87,1,56533.45,222.4390153,6.908
1,9,12,0,10484.08,222.5820193,6.908
1,9,82,0,19937.48,222.5820193,6.908
1,9,10,0,29203.63,222.7818386,6.908
1,9,3,0,13403.63,222.7818386,6.908
1,9,11,0,18161.43,222.7818386,6.908
1,9,79,0,29389.5,222.7818386,6.908
1,9,80,0,18448.27,222.7818386,6.908
1,9,38,0,75484.17,222.9816579,6.908
1,9,46,0,16773.28,222.9816579,6.908
1,9,91,0,55839.93,222.9816579,6.908
1,9,97,0,32971.82,222.9816579,6.908
1,10,55,0,12244.21,223.1814772,6.573
1,10,95,0,127009.22,223.1814772,6.573
1,10,82,0,20292.96,223.1814772,6.573
1,10,7,0,22071.39,223.1814772,6.573
1,10,96,0,32918.5,223.3812965,6.573
1,10,14,0,11450.64,223.3812965,6.573
1,10,26,0,12773.34,223.3812965,6.573
1,10,1,0,22764.01,223.3812965,6.573
1,10,7,0,20212.71,223.3812965,6.573
1,10,2,0,42354.72,223.4257233,6.573
1,10,96,0,37113.21,223.4257233,6.573
1,10,1,0,24185.27,223.4257233,6.573
1,10,5,0,20413.83,223.4257233,6.573
1,10,81,0,29992.45,223.4257233,6.573
1,10,72,0,35282.73,223.4442513,6.573
1,10,87,0,51212.09,223.4442513,6.573
1,10,90,0,84064.59,223.4442513,6.573
1,10,40,0,59287.86,223.4442513,6.573
1,10,81,0,29107.55,223.4442513,6.573
2,2,1,0,35034.06,210.7526053,8.324
2,2,7,0,28512.95,210.7526053,8.324
2,2,67,0,15787.68,210.7526053,8.324
2,2,13,0,53319.96,210.7526053,8.324
2,2,79,0,48139.99,210.7526053,8.324
2,2,22,1,18694.14,210.8979935,8.324
2,2,80,1,28730.16,210.8979935,8.324
2,2,6,1,12491.16,210.8979935,8.324
2,2,67,1,28717.28,210.8979935,8.324
2,2,93,1,68501.78,210.8979935,8.324
2,2,1,1,60483.7,210.8979935,8.324
2,2,87,0,31662.95,210.9451605,8.324
2,2,98,0,17494.74,210.9451605,8.324
2,2,32,0,28629.44,210.9451605,8.324
2,2,79,0,37692.86,210.9451605,8.324
2,2,82,0,23184.9,210.9451605,8.324
2,2,93,0,57055.68,210.9759573,8.324
2,2,49,0,17831.27,210.9759573,8.324
2,2,72,0,80052.12,210.9759573,8.324
2,2,67,0,10085.53,210.9759573,8.324
2,3,94,0,66209.43,211.0067542,8.324
2,3,34,0,20783.3,211.0067542,8.324
2,3,1,0,27372.05,211.0067542,8.324
2,3,91,0,83098.3,211.0067542,8.324
2,3,34,0,21128.69,211.037551,8.324
2,3,16,0,25826.56,211.037551,8.324
2,3,82,0,20318.56,211.037551,8.324
2,3,32,0,12247.04,211.037551,8.324
2,3,23,0,24705.59,211.037551,8.324
2,3,80,0,27074.01,211.037551,8.324
2,3,81,0,31610.78,211.037551,8.324
2,3,79,0,33381.47,210.8733316,8.324
2,3,22,0,13551.46,210.8733316,8.324
2,3,96,0,31676.11,210.8733316,8.324
2,3,13,0,48346.27,210.8733316,8.324
2,3,81,0,32060.11,210.8733316,8.324
2,3,92,0,146492.59,210.6766095,8.324
2,3,98,0,14165.73,210.6766095,8.324
2,3,94,0,65562.38,210.6766095,8.324
2,3,40,0,77709.5,210.6766095,8.324
2,4,97,0,37741.61,210.4798874,8.2
2,4,40,0,81990.47,210.4798874,8.2
2,4,74,0,18656.5,210.4798874,8.2
2,4,5,0,41053.17,210.4798874,8.2
2,4,1,0,82766.07,210.4798874,8.2
2,4,18,0,23331.6,210.4798874,8.2
2,4,80,0,26366.24,210.4798874,8.2
2,4,92,0,156241.85,210.2831653,8.2
2,4,5,0,28514.81,210.2831653,8.2
2,4,23,0,25666.11,210.2831653,8.2
2,4,79,0,34614.37,210.2831653,8.2
2,4,90,0,91650.69,210.1495463,8.2
2,4,40,0,81013.29,210.1495463,8.2
2,4,14,0,15584.61,210.1495463,8.2
2,4,5,0,20090.55,210.1495463,8.2
2,4,1,0,21308.59,210.1495463,8.2
2,4,9,0,35528.03,210.1000648,8.2
2,4,90,0,90405.36,210.1000648,8.2
2,4,46,0,27466.75,210.1000648,8.2
2,4,91,0,79020.37,210.1000648,8.2
2,4,93,0,59513.6,210.1000648,8.2
2,4,5,0,29088.16,210.0505833,8.2
2,4,38,0,95362.77,210.0505833,8.2
2,4,92,0,139634.72,210.0505833,8.2
2,4,9,0,34879.38,210.0505833,8.2
2,4,17,0,10763.28,210.0505833,8.2
2,5,9,0,34875.47,210.0011018,8.2
2,5,87,0,24461.49,210.0011018,8.2
2,5,94,0,73059.53,210.0011018,8.2
2,5,81,0,32977.2,210.0011018,8.2
2,5,8,0,61640.34,210.0011018,8.2
2,5,2,0,62666.91,209.9984585,8.2
2,5,40,0,79151.97,209.9984585,8.2
2,5,9,0,31709.88,209.9984585,8.2
2,5,16,0,44648.12,209.9984585,8.2
2,5,80,0,26812.97,209.9984585,8.2
2,5,8,0,58091.71,209.9984585,8.2
2,5,25,0,17035.25,210.2768443,8.2
2,5,80,0,24372.71,210.2768443,8.2
2,5,93,0,64212.88,210.2768443,8.2
2,5,98,0,14689.85,210.2768443,8.2
2,5,13,0,49982.04,210.5552301,8.2
2,5,55,0,11168.91,210.5552301,8.2
2,5,7,0,51582.43,210.5552301,8.2
2,5,10,0,44795.06,210.5552301,8.2
2,5,95,0,161116.95,210.5552301,8.2
2,6,98,0,15974.51,210.833616,8.2
2,6,3,0,11859.68,210.833616,8.2
2,6,97,0,43321.01,210.833616,8.2
2,6,81,0,33969.05,210.833616,8.2
2,6,82,0,22404.68,211.1120018,8.2
2,6,13,0,51481.89,211.1120018,8.2
2,6,14,0,20276.94,211.1120018,8.2
2,6,4,0,45485.63,211.1120018,8.2
2,6,97,0,44966.04,211.1120018,8.2
2,6,72,0,58467.88,211.1096543,8.2
2,6,2,0,69633.65,211.1096543,8.2
2,6,3,0,10593.34,211.1096543,8.2
2,6,97,0,42871.12,211.1096543,8.2
2,6,25,0,16997.5,211.1096543,8.2
2,6,90,0,89740.34,210.9950134,8.2
2,6,17,0,11772.69,210.9950134,8.2
2,6,74,0,15723.8,210.9950134,8.2
2,6,96,0,38545.45,210.9950134,8.2
2,7,16,0,44514.67,210.8803726,8.099
2,7,38,0,94049.47,210.8803726,8.099
2,7,8,0,61018.69,210.8803726,8.099
2,7,98,0,14001.49,210.8803726,8.099
2,7,21,0,12155.36,210.7657317,8.099
2,7,23,0,29561.94,210.7657317,8.099
2,7,92,0,156774.83,210.7657317,8.099
2,7,13,0,47722.62,210.7657317,8.099
2,7,90,0,96268.5,210.7577954,8.099
2,7,23,0,27198.61,210.7577954,8.099
2,7,32,0,10342.38,210.7577954,8.099
2,7,80,0,25490.3,210.7577954,8.099
2,7,13,0,49672.88,210.7577954,8.099
2,7,96,0,34027.52,210.7577954,8.099
2,7,91,0,87157.77,210.7577954,8.099
2,7,81,0,31116.1,210.8921319,8.099
2,7,49,0,19197.17,210.8921319,8.099
2,7,14,0,17320.14,211.0264684,8.099
2,7,46,0,27698.51,211.0264684,8.099
2,7,95,0,139894.35,211.0264684,8.099
2,7,24,0,10894.4,211.0264684,8.099
2,7,98,0,11859.61,211.0264684,8.099
2,8,32,0,10866.25,211.1608049,8.099
2,8,23,0,31867.29,211.1608049,8.099
2,8,49,0,20263.53,211.1608049,8.099
2,8,34,0,18112.23,211.1608049,8.099
2,8,10,0,42421.79,211.1608049,8.099
2,8,5,0,24316.97,211.1608049,8.099
2,8,95,0,157078.45,211.2951413,8.099
2,8,82,0,19525.53,211.2951413,8.099
2,8,10,0,40112.92,211.2951413,8.099
2,8,9,0,25627.08,211.2951413,8.099
2,8,2,0,69472.79,211.2596586,8.099
2,8,5,0,22920.64,211.2596586,8.099
2,8,31,0,11136.8,211.2596586,8.099
2,8,7,0,29596.98,211.2596586,8.099
2,8,97,0,40167.09,211.2596586,8.099
2,8,23,0,37294.48,211.2596586,8.099
2,8,38,0,79687.99,211.2241759,8.099
2,8,95,0,144605.31,211.2241759,8.099
2,8,17,0,14713.96,211.2241759,8.099
2,8,46,0,25612.13,211.2241759,8.099
2,8,97,0,38550.45,211.2241759,8.099
2,8,33,0,14442.75,211.2241759,8.099
2,9,87,0,26709.38,211.1886931,8.099
2,9,95,0,147451.0,211.1886931,8.099
2,9,21,0,11285.44,211.1886931,8.099
2,9,7,0,27545.9,211.1886931,8.099
2,9,40,1,76308.01,211.1532104,8.099
2,9,94,1,69995.67,211.1532104,8.099
2,9,81,1,31354.52,211.1532104,8.099
2,9,2,0,64649.52,211.1806415,8.099
2,9,90,0,95261.34,211.1806415,8.099
2,9,58,0,26963.0,211.1806415,8.099
2,9,74,0,15294.56,211.1806415,8.099
2,9,97,0,42131.32,211.1806415,8.099
2,9,11,0,19389.59,211.1806415,8.099
2,9,4,0,43583.12,211.1806415,8.099
2,9,90,0,88249.37,211.2552578,8.099
2,9,23,0,20399.84,211.2552578,8.099
2,9,46,0,23928.1,211.2552578,8.099
2,9,94,0,62190.78,211.2552578,8.099
2,10,38,0,94561.74,211.3298742,8.163
2,10,90,0,90958.11,211.3298742,8.163
2,10,80,0,25737.8,211.3298742,8.163
2,10,22,0,14696.41,211.3298742,8.163
2,10,34,0,17236.82,211.3298742,8.163
2,10,94,0,60873.36,211.3298742,8.163
2,10,55,0,10022.26,211.4044906,8.163
2,10,1,0,31524.86,211.4044906,8.163
2,10,14,0,18464.96,211.4044906,8.163
2,10,18,0,10066.17,211.4044906,8.163
2,10,91,0,80803.84,211.4044906,8.163
2,10,38,0,91778.08,211.4713286,8.163
2,10,80,0,25440.59,211.4713286,8.163
2,10,8,0,56514.9,211.4713286,8.163
2,10,58,0,20451.0,211.4713286,8.163
2,10,1,0,34924.59,211.4713286,8.163
2,10,13,0,45900.44,211.5187208,8.163
2,10,38,0,83380.69,211.5187208,8.163
2,10,11,0,16661.09,211.5187208,8.163
2,10,1,0,40755.17,211.5187208,8.163
2,10,72,0,53737.54,211.5187208,8.163
2,10,55,0,12757.35,211.5661131,8.163
2,10,81,0,28863.73,211.5661131,8.163
2,10,72,0,61892.22,211.5661131,8.163
2,10,11,0,17837.79,211.5661131,8.163
2,10,46,0,25812.64,211.5661131,8.163
2,11,17,0,11907.92,211.6135053,8.163
2,11,67,0,10491.69,211.6135053,8.163
2,11,98,0,14128.99,211.6135053,8.163
2,11,7,0,28729.55,211.6135053,8.163
2,11,58,0,19025.0,211.6608975,8.163
2,11,67,0,10271.06,211.6608975,8.163
2,11,55,0,21322.82,211.6608975,8.163
2,11,96,0,29131.51,211.6608975,8.163
2,11,49,0,14522.75,211.5470304,8.163
2,11,67,0,11036.25,211.5470304,8.163
2,11,1,0,24363.72,211.5470304,8.163
2,11,21,0,11401.31,211.5470304,8.163
2,11,95,0,133812.28,211.5470304,8.163
2,11,13,1,49693.62,211.4062867,8.163
2,11,1,1,24513.63,211.4062867,8.163
2,11,14,1,56144.11,211.4062867,8.163
2,11,90,1,116128.49,211.4062867,8.163
2,12,17,0,13764.94,211.265543,8.163
2,12,72,0,97295.18,211.265543,8.163
2,12,79,0,35807.53,211.265543,8.163
2,12,97,0,35266.64,211.265543,8.163
2,12,2,0,62758.12,211.265543,8.163
2,12,23,0,34715.55,211.265543,8.163
2,12,8,0,58172.84,211.265543,8.163
2,12,22,0,21019.64,211.1247993,8.163
2,12,25,0,22285.19,211.1247993,8.163
2,12,8,0,59998.16,211.1247993,8.163
2,12,82,0,63238.29,211.0645458,8.163
2,12,49,0,13534.71,211.0645458,8.163
2,12,59,0,13942.96,211.0645458,8.163
2,12,94,0,61756.5,211.0645458,8.163
2,12,97,0,43972.74,211.0645458,8.163
2,12,87,0,27401.18,211.0645458,8.163
2,12,38,0,73331.41,211.0646599,8.163
2,12,92,0,236468.65,211.0646599,8.163
2,12,55,0,70935.76,211.0646599,8.163
2,12,17,1,15112.34,211.064774,8.163
2,12,40,1,80512.05,211.064774,8.163
2,12,74,1,24760.46,211.064774,8.163
2,12,58,1,15014.0,211.064774,8.163
2,1,72,0,58501.48,211.0648881,8.028
2,1,95,0,129537.08,211.0648881,8.028
2,1,92,0,168985.15,211.0648881,8.028
2,1,95,0,135090.21,211.1176713,8.028
2,1,74,0,15676.71,211.1176713,8.028
2,1,80,0,25391.65,211.1176713,8.028
2,1,92,0,181575.51,211.1176713,8.028
2,1,1,0,22159.74,211.1176713,8.028
2,1,58,0,15891.0,211.4864691,8.028
2,1,55,0,11758.04,211.4864691,8.028
2,1,94,0,63878.79,211.4864691,8.028
2,1,49,0,13195.93,211.4864691,8.028
2,1,5,0,24014.1,211.4864691,8.028
2,1,10,0,29608.56,211.4864691,8.028
2,1,87,0,18928.48,211.8552668,8.028
2,1,11,0,20028.83,211.8552668,8.028
2,1,72,0,81198.21,211.8552668,8.028
2,1,96,0,28008.1,211.8552668,8.028
2,1,22,0,13738.33,211.8552668,8.028
2,2,49,0,12655.94,212.2240646,8.028
2,2,25,0,17864.58,212.2240646,8.028
2,2,97,0,45048.4,212.2240646,8.028
2,2,79,0,40356.92,212.2240646,8.028
2,2,14,0,20956.14,212.2240646,8.028
2,2,58,1,20315.0,212.5928624,8.028
2,2,11,1,19333.28,212.5928624,8.028
2,2,8,1,64270.54,212.5928624,8.028
2,2,46,1,30214.05,212.5928624,8.028
2,2,9,1,21782.15,212.5928624,8.028
2,2,4,1,50238.23,212.5928624,8.028
2,2,97,1,45571.32,212.5928624,8.028
2,2,26,0,10881.99,212.9033115,8.028
2,2,67,0,30095.77,212.9033115,8.028
2,2,38,0,92225.47,212.9033115,8.028
2,2,97,0,38132.1,212.9033115,8.028
2,2,3,0,11999.17,212.9033115,8.028
2,2,98,0,17637.14,212.9033115,8.028
2,2,8,0,57192.25,213.190421,8.028
2,2,49,0,21808.9,213.190421,8.028
2,2,90,0,88072.65,213.190421,8.028
2,2,46,0,27226.37,213.190421,8.028
2,2,34,0,17909.59,213.190421,8.028
2,3,8,0,61222.4,213.4775305,8.028
2,3,38,0,91932.69,213.4775305,8.028
2,3,92,0,165033.74,213.4775305,8.028
2,3,94,0,69474.6,213.4775305,8.028
2,3,97,0,40402.97,213.7646401,8.028
2,3,74,0,16026.99,213.7646401,8.028
2,3,5,0,28332.99,213.7646401,8.028
2,3,72,0,69651.06,214.0156238,8.028
2,3,4,0,43150.07,214.0156238,8.028
2,3,90,0,93986.73,214.0156238,8.028
2,3,55,0,13402.46,214.0156238,8.028
2,3,55,0,10383.01,214.2521573,8.028
2,3,91,0,73603.62,214.2521573,8.028
2,3,90,0,84667.29,214.2521573,8.028
2,3,11,0,22996.57,214.2521573,8.028
2,3,13,0,42548.15,214.2521573,8.028
2,4,34,0,14442.97,214.4886908,7.931
2,4,82,0,21412.78,214.4886908,7.931
2,4,14,0,19893.39,214.4886908,7.931
2,4,11,0,18475.71,214.4886908,7.931
2,4,79,0,33269.58,214.4886908,7.931
2,4,94,0,69477.56,214.4886908,7.931
2,4,96,0,31396.54,214.7252242,7.931
2,4,34,0,16202.28,214.7252242,7.931
2,4,40,0,78530.17,214.7252242,7.931
2,4,1,0,34644.85,214.9420631,7.931
2,4,9,0,33862.27,214.9420631,7.931
2,4,34,0,17302.94,214.9420631,7.931
2,4,10,0,38520.32,214.9420631,7.931
2,4,91,0,84537.1,214.9420631,7.931
2,4,2,0,64738.13,215.1096657,7.931
2,4,9,0,31707.46,215.1096657,7.931
2,4,8,0,56457.56,215.1096657,7.931
2,4,72,0,70992.73,215.1096657,7.931
2,4,55,0,10467.34,215.1096657,7.931
2,4,90,0,95673.12,215.1096657,7.931
2,4,11,0,17958.82,215.2772683,7.931
2,4,25,0,15292.55,215.2772683,7.931
2,4,49,0,15977.16,215.2772683,7.931
2,4,67,0,11748.36,215.2772683,7.931
2,4,98,0,14972.08,215.2772683,7.931
2,4,55,0,10582.82,215.2772683,7.931
2,5,93,0,71593.23,215.4448709,7.931
2,5,22,0,11119.84,215.4448709,7.931
2,5,96,0,32012.7,215.6124735,7.931
2,5,56,0,11787.13,215.6124735,7.931
2,5,67,0,25948.48,215.6124735,7.931
2,5,95,0,140852.08,215.6124735,7.931
2,5,91,0,78334.84,215.3834778,7.931
2,5,82,0,21375.84,215.3834778,7.931
2,5,34,0,15021.92,215.3834778,7.931
2,5,90,0,89776.04,215.3834778,7.931
2,5,11,0,20807.73,215.1544822,7.931
2,5,74,0,15209.62,215.1544822,7.931
2,5,58,0,11140.0,215.1544822,7.931
2,5,95,0,140616.09,215.1544822,7.931
2,6,95,0,147090.53,214.9254865,7.931
2,6,79,0,36636.7,214.9254865,7.931
2,6,82,0,23736.3,214.9254865,7.931
2,6,25,0,17438.27,214.9254865,7.931
2,6,80,0,25294.79,214.9254865,7.931
2,6,11,0,37438.97,214.6964908,7.931
2,6,95,0,153864.6,214.6964908,7.931
2,6,38,0,79557.28,214.6964908,7.931
2,6,16,0,46432.64,214.6513538,7.931
2,6,97,0,44163.38,214.6513538,7.931
2,6,72,0,67691.32,214.6513538,7.931
2,6,17,0,10329.03,214.7441108,7.931
2,6,49,0,15087.19,214.7441108,7.931
2,6,82,0,23579.18,214.7441108,7.931
2,7,87,0,24532.12,214.8368678,7.852
2,7,14,0,18266.58,214.8368678,7.852
2,7,98,0,12712.18,214.8368678,7.852
2,7,10,0,44560.22,214.8368678,7.852
2,7,55,0,11266.47,214.9296249,7.852
2,7,25,0,14355.06,214.9296249,7.852
2,7,81,0,30996.07,214.9296249,7.852
2,7,13,0,43078.3,214.9296249,7.852
2,7,46,0,29641.53,214.9296249,7.852
2,7,22,0,10309.09,214.9296249,7.852
2,7,58,0,16385.0,215.0134426,7.852
2,7,1,0,20810.61,215.0134426,7.852
2,7,95,0,145466.11,215.0134426,7.852
2,7,3,0,20035.43,215.0134426,7.852
2,7,98,0,12340.28,215.0749122,7.852
2,7,4,0,42379.14,215.0749122,7.852
2,7,80,0,25853.86,215.0749122,7.852
2,7,10,0,40469.06,215.0749122,7.852
2,7,93,0,59337.52,215.1363819,7.852
2,7,98,0,11833.46,215.1363819,7.852
2,7,2,0,62022.55,215.1363819,7.852
2,7,94,0,67170.38,215.1363819,7.852
2,8,2,0,67755.05,215.1978515,7.852
2,8,97,0,41856.35,215.1978515,7.852
2,8,7,0,25814.41,215.1978515,7.852
2,8,38,0,78094.88,215.1978515,7.852
2,8,58,0,16965.0,215.2593211,7.852
2,8,17,0,14102.43,215.2593211,7.852
2,8,9,0,21774.45,215.2593211,7.852
2,8,98,0,12793.68,215.2593211,7.852
2,8,72,0,62357.89,215.2593211,7.852
2,8,94,0,72752.41,215.2593211,7.852
2,8,46,0,26107.2,215.2593211,7.852
2,8,87,0,18737.89,215.3229307,7.852
2,8,82,0,23450.05,215.3229307,7.852
2,8,9,0,25903.76,215.3229307,7.852
2,8,95,0,146619.44,215.3229307,7.852
2,8,74,0,17975.09,215.386897,7.852
2,8,25,0,18495.89,215.386897,7.852
2,8,8,0,53115.76,215.386897,7.852
2,8,49,0,17991.53,215.386897,7.852
2,9,25,0,11028.83,215.4508632,7.852
2,9,98,0,11947.19,215.4508632,7.852
2,9,40,0,74590.76,215.4508632,7.852
2,9,91,1,81974.86,215.5148295,7.852
2,9,25,1,10760.52,215.5148295,7.852
2,9,82,1,19914.89,215.5148295,7.852
2,9,94,1,67525.94,215.5148295,7.852
2,9,92,0,163843.05,215.6944378,7.852
2,9,93,0,71216.66,215.6944378,7.852
2,9,3,0,13413.93,215.6944378,7.852
2,9,14,0,16580.34,216.0282356,7.852
2,9,5,0,23579.5,216.0282356,7.852
2,9,1,0,24204.22,216.0282356,7.852
2,9,17,0,12234.4,216.3620333,7.852
2,9,13,0,42217.5,216.3620333,7.852
2,9,98,0,12562.13,216.3620333,7.852
2,9,91,0,72338.21,216.3620333,7.852
2,10,98,0,13567.64,216.6958311,7.441
2,10,92,0,176375.65,216.6958311,7.441
2,10,2,0,64978.04,216.6958311,7.441
2,10,80,0,26392.07,216.6958311,7.441
2,10,97,0,40233.05,217.0048261,7.441
2,10,4,0,41842.76,217.0048261,7.441
2,10,38,0,96658.98,217.0048261,7.441
2,10,49,0,13481.95,217.1650042,7.441
2,10,5,0,37684.18,217.1650042,7.441
2,10,2,0,60669.07,217.1650042,7.441
2,10,1,0,33205.32,217.1650042,7.441
2,10,58,0,22970.0,217.1650042,7.441
2,10,8,0,55898.8,217.1650042,7.441
2,10,34,0,13999.81,217.3251824,7.441
2,10,97,0,38472.76,217.3251824,7.441
2,10,87,0,19531.41,217.3251824,7.441
2,11,4,0,45378.96,217.4853605,7.441
2,11,94,0,62950.62,217.4853605,7.441
2,11,55,0,14565.77,217.4853605,7.441
2,11,40,0,77075.94,217.6455387,7.441
2,11,23,0,30482.45,217.6455387,7.441
2,11,18,0,14970.51,217.6455387,7.441
2,11,97,0,43037.15,217.6455387,7.441
2,11,82,0,25246.76,217.6455387,7.441
2,11,55,0,16173.32,217.8670218,7.441
2,11,98,0,13604.31,217.8670218,7.441
2,11,92,0,204812.37,217.8670218,7.441
2,11,22,0,11046.93,217.8670218,7.441
2,11,80,0,26518.77,217.8670218,7.441
2,11,23,1,37493.36,218.1130269,7.441
2,11,17,1,23668.23,218.1130269,7.441
2,12,25,0,15445.98,218.3590319,7.441
2,12,49,0,12562.69,218.3590319,7.441
2,12,17,0,15765.36,218.3590319,7.441
2,12,7,0,75221.22,218.3590319,7.441
2,12,81,0,30740.3,218.605037,7.441
2,12,25,0,24058.76,218.605037,7.441
2,12,26,0,17785.07,218.605037,7.441
2,12,11,0,37622.16,218.605037,7.441
2,12,44,0,11667.52,218.605037,7.441
2,12,40,0,79194.43,218.8217928,7.441
2,12,3,0,18683.18,218.8217928,7.441
2,12,92,0,204934.97,218.8217928,7.441
2,12,55,0,28348.53,218.8217928,7.441
2,12,17,0,21383.78,218.8217928,7.441
2,12,23,0,82601.72,218.9995495,7.441
2,12,26,0,18128.64,218.9995495,7.441
2,12,92,0,257375.39,218.9995495,7.441
2,12,90,0,148555.65,218.9995495,7.441
2,12,79,0,34112.0,218.9995495,7.441
2,12,67,0,21715.35,218.9995495,7.441
2,12,8,0,72976.78,218.9995495,7.441
2,12,93,1,56588.2,219.1773063,7.441
2,12,9,1,34616.08,219.1773063,7.441
2,12,91,1,58947.97,219.1773063,7.441
2,12,2,1,57846.27,219.1773063,7.441
2,1,22,0,13068.02,219.355063,7.057
2,1,2,0,64877.05,219.355063,7.057
2,1,22,0,10981.26,219.5328198,7.057
2,1,87,0,24416.3,219.5328198,7.057
2,1,81,0,30875.05,219.5328198,7.057
2,1,90,0,105106.85,219.5328198,7.057
2,1,4,0,43649.89,219.5328198,7.057
2,1,5,0,24258.35,219.6258417,7.057
2,1,38,0,78007.32,219.6258417,7.057
2,1,10,0,31155.44,219.6258417,7.057
2,1,11,0,19829.15,219.6258417,7.057
2,1,81,0,29247.34,219.7188636,7.057
2,1,8,0,55483.3,219.7188636,7.057
2,1,97,0,36145.87,219.7188636,7.057
2,1,10,0,29219.57,219.7188636,7.057
2,2,22,0,16903.99,219.8118854,7.057
2,2,34,0,16286.18,219.8118854,7.057
2,2,67,0,11949.04,219.8118854,7.057
2,2,96,0,29829.02,219.8118854,7.057
2,2,90,0,105134.63,219.8118854,7.057
2,2,5,1,39231.34,219.9049073,7.057
2,2,16,1,14331.81,219.9049073,7.057
2,2,11,1,21944.35,219.9049073,7.057
2,2,95,1,142233.67,219.9049073,7.057
2,2,96,1,32664.73,219.9049073,7.057
2,2,87,1,37265.47,219.9049073,7.057
2,2,98,0,19595.62,220.0651993,7.057
2,2,72,0,116504.43,220.0651993,7.057
2,2,16,0,11628.3,220.0651993,7.057
2,2,7,0,27611.91,220.0651993,7.057
2,2,90,0,105034.09,220.0651993,7.057
2,2,58,0,26140.0,220.0651993,7.057
2,2,9,0,28121.12,220.275944,7.057
2,2,82,0,21569.55,220.275944,7.057
2,2,94,0,63898.74,220.275944,7.057
2,2,5,0,34626.9,220.275944,7.057
2,2,3,0,13625.47,220.275944,7.057
2,2,4,0,42748.2,220.275944,7.057
2,2,91,0,78046.84,220.275944,7.057
2,3,14,0,23406.63,220.4866886,7.057
2,3,1,0,25556.15,220.4866886,7.057
2,3,98,0,12270.02,220.4866886,7.057
2,3,87,0,33958.49,220.4866886,7.057
2,3,95,0,144071.19,220.6974332,7.057
2,3,97,0,43445.94,220.6974332,7.057
2,3,98,0,13831.74,220.6974332,7.057
2,3,2,0,66870.9,220.6974332,7.057
2,3,4,0,45363.57,220.6974332,7.057
2,3,3,0,10209.02,220.8498468,7.057
2,3,81,0,33360.64,220.8498468,7.057
2,3,91,0,84996.23,220.8498468,7.057
2,3,49,0,20770.61,220.8498468,7.057
2,3,22,0,14209.91,220.8498468,7.057
2,3,5,0,23991.99,220.9244858,7.057
2,3,10,0,40029.14,220.9244858,7.057
2,3,9,0,37671.6,220.9244858,7.057
2,3,2,0,63778.8,220.9991248,7.057
2,3,17,0,12559.67,220.9991248,7.057
2,3,22,0,10405.72,220.9991248,7.057
2,3,87,0,24863.63,220.9991248,7.057
2,4,8,0,61294.26,221.0737638,6.891
2,4,18,0,19149.78,221.0737638,6.891
2,4,82,0,22501.66,221.0737638,6.891
2,4,58,0,20780.0,221.0737638,6.891
2,4,25,0,19176.04,221.0737638,6.891
2,4,10,0,46407.07,221.0737638,6.891
2,4,93,0,82533.19,221.1484028,6.891
2,4,92,0,170989.18,221.1484028,6.891
2,4,90,0,99459.47,221.1484028,6.891
2,4,4,0,45239.6,221.1484028,6.891
2,4,46,0,28193.59,221.1484028,6.891
2,4,34,0,17731.7,221.2021074,6.891
2,4,91,0,79445.51,221.2021074,6.891
2,4,58,0,19965.0,221.2021074,6.891
2,4,7,0,29118.14,221.2021074,6.891
2,4,74,0,15617.83,221.2021074,6.891
2,4,93,0,63650.24,221.255812,6.891
2,4,23,0,23811.86,221.255812,6.891
2,4,72,0,48859.17,221.255812,6.891
2,4,81,0,31047.01,221.255812,6.891
2,4,74,0,14017.23,221.255812,6.891
2,5,92,0,164192.77,221.3095166,6.891
2,5,94,0,76214.36,221.3095166,6.891
2,5,90,0,96768.87,221.3095166,6.891
2,5,17,0,13016.09,221.3095166,6.891
2,5,97,0,40392.71,221.3095166,6.891
2,5,92,0,169818.78,221.3632212,6.891
2,5,49,0,14731.37,221.3632212,6.891
2,5,7,0,40999.93,221.3632212,6.891
2,5,92,0,167197.03,221.380331,6.891
2,5,91,0,83535.18,221.380331,6.891
2,5,4,0,46008.96,221.380331,6.891
2,5,38,0,84321.52,221.380331,6.891
2,5,94,0,86425.85,221.380331,6.891
2,5,87,0,21813.63,221.3828029,6.891
2,5,3,0,10441.51,221.3828029,6.891
2,5,40,0,76840.74,221.3828029,6.891
2,5,34,0,21121.21,221.3828029,6.891
2,6,82,0,25751.79,221.3852748,6.891
2,6,92,0,154734.45,221.3852748,6.891
2,6,58,0,12765.0,221.3852748,6.891
2,6,97,0,40997.74,221.3852748,6.891
2,6,49,0,10816.45,221.3852748,6.891
2,6,82,0,26785.62,221.3877467,6.891
2,6,91,0,90993.68,221.3877467,6.891
2,6,94,0,77907.92,221.3877467,6.891
2,6,98,0,13244.95,221.3877467,6.891
2,6,16,0,44017.97,221.3877467,6.891
2,6,90,0,100684.85,221.4009901,6.891
2,6,91,0,84362.43,221.4009901,6.891
2,6,49,0,15034.28,221.4009901,6.891
2,6,7,0,39037.84,221.4009901,6.891
2,6,13,0,46317.67,221.4411622,6.891
2,6,79,0,30513.36,221.4411622,6.891
2,6,17,0,13206.37,221.4411622,6.891
2,6,98,0,13228.25,221.4411622,6.891
2,6,90,0,94527.06,221.4813343,6.891
2,6,9,0,32875.26,221.4813343,6.891
2,6,3,0,10099.07,221.4813343,6.891
2,7,10,0,44800.52,221.5215064,6.565
2,7,38,0,76887.28,221.5215064,6.565
2,7,72,0,55079.04,221.5215064,6.565
2,7,10,0,38850.27,221.5616784,6.565
2,7,95,0,146470.0,221.5616784,6.565
2,7,81,0,31547.36,221.5616784,6.565
2,7,92,0,168345.97,221.5616784,6.565
2,7,23,0,27272.16,221.5616784,6.565
2,7,38,0,69342.28,221.5616784,6.565
2,7,38,0,80296.98,221.5701123,6.565
2,7,25,0,12762.42,221.5701123,6.565
2,7,82,0,23566.65,221.5701123,6.565
2,7,23,0,28345.05,221.5701123,6.565
2,7,1,0,23813.13,221.5701123,6.565
2,7,5,0,17403.45,221.5785461,6.565
2,7,38,0,64931.05,221.5785461,6.565
2,7,25,0,12090.67,221.5785461,6.565
2,7,40,0,74368.18,221.5785461,6.565
2,8,46,0,31518.72,221.5869799,6.565
2,8,81,0,31371.76,221.5869799,6.565
2,8,58,0,23620.0,221.5869799,6.565
2,8,94,0,78542.86,221.5954138,6.565
2,8,95,0,157227.55,221.5954138,6.565
2,8,7,0,28129.31,221.5954138,6.565
2,8,93,0,79684.98,221.5954138,6.565
2,8,38,0,63261.19,221.5954138,6.565
2,8,82,0,25570.45,221.6751459,6.565
2,8,11,0,19550.71,221.6751459,6.565
2,8,3,0,50717.3,221.6751459,6.565
2,8,82,0,25070.06,221.8083518,6.565
2,8,25,0,14991.37,221.8083518,6.565
2,8,40,0,73665.93,221.8083518,6.565
2,8,23,0,35197.49,221.8083518,6.565
2,8,7,0,23292.25,221.9415576,6.565
2,8,16,0,18075.31,221.9415576,6.565
2,8,95,0,154732.04,221.9415576,6.565
2,8,87,0,29442.85,221.9415576,6.565
2,8,38,0,73745.16,221.9415576,6.565
2,9,79,1,40207.22,222.0747635,6.565
2,9,94,0,71138.45,222.2174395,6.565
2,9,87,0,22045.74,222.2174395,6.565
