1,2,17,0,13223.76,211.0963582,8.106
1,2,16,0,10217.55,211.0963582,8.106
1,2,14,0,19466.91,211.0963582,8.106
1,2,32,0,11875.84,211.0963582,8.106
1,2,79,1,36080.86,211.2421698,8.106
1,2,32,1,14700.59,211.2421698,8.106
1,2,8,1,37334.83,211.2421698,8.106
1,2,97,1,33874.47,211.2421698,8.106
1,2,1,1,46039.49,211.2421698,8.106
1,2,93,0,62581.64,211.2891429,8.106
1,2,79,0,34141.62,211.2891429,8.106
1,2,17,0,13485.61,211.2891429,8.106
1,2,4,0,36826.95,211.2891429,8.106
1,2,49,0,16736.17,211.2891429,8.106
1,2,79,0,33309.85,211.3196429,8.106
1,2,34,0,12005.0,211.3196429,8.106
1,2,40,0,64328.29,211.3196429,8.106
1,2,16,0,12881.02,211.3196429,8.106
1,2,10,0,27921.96,211.3196429,8.106
1,3,93,0,63550.08,211.3501429,8.106
1,3,34,0,12571.5,211.3501429,8.106
1,3,40,0,67000.83,211.3501429,8.106
1,3,87,0,30800.98,211.3501429,8.106
1,3,94,0,59201.37,211.3501429,8.106
1,3,4,0,32668.67,211.3806429,8.106
1,3,7,0,21529.14,211.3806429,8.106
1,3,10,0,28208.0,211.3806429,8.106
1,3,40,0,59799.42,211.3806429,8.106
1,3,90,0,73943.62,211.3806429,8.106
1,3,79,0,32604.49,211.215635,8.106
1,3,1,0,22136.64,211.215635,8.106
1,3,23,0,20132.03,211.215635,8.106
1,3,17,0,11097.8,211.215635,8.106
1,3,94,0,64718.53,211.215635,8.106
1,3,34,0,13394.0,211.215635,8.106
1,3,91,0,55614.69,211.0180424,8.106
1,3,80,0,14385.66,211.0180424,8.106
1,3,74,0,10604.88,211.0180424,8.106
1,3,93,0,55082.4,211.0180424,8.106
1,3,92,0,116688.75,211.0180424,8.106
1,3,90,0,71666.24,211.0180424,8.106
1,4,49,0,12755.33,210.8204499,7.808
1,4,74,0,10625.15,210.8204499,7.808
1,4,34,0,10282.66,210.8204499,7.808
1,4,14,0,14333.75,210.8204499,7.808
1,4,38,0,101566.87,210.8204499,7.808
1,4,82,0,17695.89,210.8204499,7.808
1,4,14,0,12874.07,210.6228574,7.808
1,4,98,0,12217.58,210.6228574,7.808
1,4,4,0,36174.43,210.6228574,7.808
1,4,5,0,11570.27,210.4887,7.808
1,4,7,0,19330.26,210.4887,7.808
1,4,98,0,10791.63,210.4887,7.808
1,4,38,0,77602.0,210.4887,7.808
1,4,72,0,42222.53,210.4391228,7.808
1,4,87,0,30756.13,210.4391228,7.808
1,4,12,0,11556.42,210.4391228,7.808
1,4,82,0,16204.99,210.4391228,7.808
1,4,81,0,27455.91,210.4391228,7.808
1,4,90,0,68521.99,210.4391228,7.808
1,4,2,0,45971.3,210.3895456,7.808
1,4,90,0,67584.03,210.3895456,7.808
1,5,49,0,14878.8,210.3399684,7.808
1,5,40,0,61099.85,210.3399684,7.808
1,5,80,0,15356.54,210.3399684,7.808
1,5,82,0,17893.1,210.3399684,7.808
1,5,90,0,73925.66,210.3374261,7.808
1,5,17,0,10266.86,210.3374261,7.808
1,5,80,0,14806.08,210.3374261,7.808
1,5,9,0,25385.09,210.3374261,7.808
1,5,81,0,28081.1,210.6170934,7.808
1,5,9,0,27798.19,210.6170934,7.808
1,5,72,0,30922.75,210.6170934,7.808
1,5,98,0,10477.58,210.6170934,7.808
1,5,90,0,71026.5,210.6170934,7.808
1,5,55,0,10256.27,210.8967606,7.808
1,5,1,0,15580.43,210.8967606,7.808
1,5,74,0,11445.67,210.8967606,7.808
1,5,23,0,23409.56,210.8967606,7.808
1,6,8,0,35181.47,211.1764278,7.808
1,6,23,0,28857.18,211.1764278,7.808
1,6,93,0,74300.41,211.4560951,7.808
1,6,12,0,10889.4,211.4560951,7.808
1,6,23,0,24072.22,211.4560951,7.808
1,6,2,0,47089.54,211.4560951,7.808
1,6,90,0,78256.58,211.4560951,7.808
1,6,93,0,69326.03,211.4537719,7.808
1,6,79,0,29943.17,211.4537719,7.808
1,6,9,0,24934.43,211.4537719,7.808
1,6,2,0,44428.71,211.4537719,7.808
1,6,92,0,126911.43,211.4537719,7.808
1,6,82,0,17940.03,211.4537719,7.808
1,6,38,0,79026.15,211.3386526,7.808
1,6,9,0,24514.39,211.3386526,7.808
1,6,72,0,42363.96,211.3386526,7.808
1,7,55,0,11466.06,211.2235333,7.787
1,7,80,0,42866.79,211.2235333,7.787
1,7,97,0,38404.83,211.108414,7.787
1,7,11,0,27604.86,211.108414,7.787
1,7,5,0,20249.54,211.108414,7.787
1,7,55,0,11898.06,211.108414,7.787
1,7,23,0,22121.47,211.108414,7.787
1,7,40,0,54176.59,211.1003854,7.787
1,7,9,0,19092.63,211.1003854,7.787
1,7,87,0,35072.17,211.1003854,7.787
1,7,11,0,27781.28,211.1003854,7.787
1,7,81,0,29250.38,211.1003854,7.787
1,7,49,0,11928.01,211.1003854,7.787
1,7,81,0,28636.43,211.2351443,7.787
1,7,8,0,34350.12,211.2351443,7.787
1,7,1,0,15360.45,211.2351443,7.787
1,7,5,0,16472.48,211.3699032,7.787
1,7,14,0,12421.92,211.3699032,7.787
1,7,7,0,17709.46,211.3699032,7.787
1,7,13,0,38018.99,211.3699032,7.787
1,7,16,0,22017.61,211.3699032,7.787
1,8,97,0,37436.74,211.5046621,7.787
1,8,24,0,10293.02,211.5046621,7.787
1,8,8,0,34833.35,211.5046621,7.787
1,8,5,0,16926.17,211.5046621,7.787
1,8,11,0,37289.02,211.5046621,7.787
1,8,23,0,22200.83,211.5046621,7.787
1,8,81,0,29938.23,211.6394211,7.787
1,8,90,0,76608.54,211.6394211,7.787
1,8,9,0,18684.26,211.6394211,7.787
1,8,46,0,16742.12,211.6394211,7.787
1,8,94,0,62691.49,211.6033633,7.787
1,8,16,0,22837.21,211.6033633,7.787
1,8,1,0,15740.13,211.6033633,7.787
1,8,14,0,13387.21,211.5673056,7.787
1,8,94,0,60797.36,211.5673056,7.787
1,8,92,0,114325.82,211.5673056,7.787
1,8,91,0,56957.43,211.5673056,7.787
1,8,74,0,15089.91,211.5673056,7.787
1,8,80,0,14737.16,211.5673056,7.787
1,9,10,0,33457.07,211.5312479,7.787
1,9,92,0,130199.04,211.5312479,7.787
1,9,49,0,13015.08,211.5312479,7.787
1,9,72,0,43630.1,211.5312479,7.787
1,9,5,0,15390.52,211.5312479,7.787
1,9,80,0,16173.15,211.5312479,7.787
1,9,94,1,64872.11,211.4951902,7.787
1,9,23,1,16086.08,211.4951902,7.787
1,9,16,0,17672.01,211.5224596,7.787
1,9,40,0,56516.67,211.5224596,7.787
1,9,91,0,57245.19,211.5972246,7.787
1,9,1,0,18122.52,211.5972246,7.787
1,9,13,0,37293.43,211.5972246,7.787
1,9,93,0,57661.06,211.5972246,7.787
1,9,80,0,15325.49,211.5972246,7.787
1,10,16,0,16248.15,211.6719895,7.838
1,10,14,0,12943.86,211.6719895,7.838
1,10,72,0,39017.88,211.6719895,7.838
1,10,13,0,40474.22,211.6719895,7.838
1,10,90,0,73315.81,211.6719895,7.838
1,10,92,0,138866.0,211.7467544,7.838
1,10,87,0,42895.54,211.7467544,7.838
1,10,97,0,37839.71,211.7467544,7.838
1,10,90,0,78810.39,211.7467544,7.838
1,10,80,0,16474.09,211.7467544,7.838
1,10,81,0,30490.19,211.8137436,7.838
1,10,95,0,123510.99,211.8137436,7.838
1,10,9,0,30302.47,211.8612937,7.838
1,10,12,0,11604.42,211.8612937,7.838
1,10,90,0,69060.72,211.8612937,7.838
1,10,98,0,12769.66,211.9088438,7.838
1,10,46,0,16666.41,211.9088438,7.838
1,10,14,0,11955.77,211.9088438,7.838
1,10,38,0,70733.35,211.9088438,7.838
1,10,96,0,27262.22,211.9088438,7.838
1,11,97,0,35669.19,211.9563939,7.838
1,11,95,0,110332.92,211.9563939,7.838
1,11,79,0,29531.38,212.003944,7.838
1,11,49,0,10234.34,212.003944,7.838
1,11,80,0,15510.94,212.003944,7.838
1,11,13,0,38446.26,211.8896737,7.838
1,11,2,0,41443.25,211.8896737,7.838
1,11,34,0,10469.5,211.8896737,7.838
1,11,96,0,24137.46,211.8896737,7.838
1,11,81,0,29383.02,211.8896737,7.838
1,11,8,1,34099.53,211.7484333,7.838
1,11,97,1,28754.58,211.7484333,7.838
1,11,7,1,72635.06,211.7484333,7.838
1,12,3,0,10856.85,211.607193,7.838
1,12,96,0,23153.17,211.607193,7.838
1,12,1,0,22517.56,211.607193,7.838
1,12,40,0,63116.31,211.607193,7.838
1,12,91,0,51969.94,211.607193,7.838
1,12,92,0,145313.14,211.4659526,7.838
1,12,98,0,14341.46,211.4659526,7.838
1,12,46,0,22154.5,211.4659526,7.838
1,12,25,0,12313.4,211.4053124,7.838
1,12,72,0,67832.13,211.4053124,7.838
1,12,55,0,29029.83,211.4053124,7.838
1,12,18,0,35120.62,211.4053124,7.838
1,12,87,0,41179.88,211.4053124,7.838
1,12,8,0,36961.11,211.4053124,7.838
1,12,98,0,16795.07,211.4051222,7.838
1,12,55,0,48876.91,211.4051222,7.838
1,12,97,0,40058.17,211.4051222,7.838
1,12,94,0,68231.85,211.4051222,7.838
1,12,2,0,59889.32,211.4051222,7.838
1,12,67,0,15014.06,211.4051222,7.838
1,12,96,0,34848.46,211.4051222,7.838
1,12,11,1,22443.1,211.4049321,7.838
1,12,72,1,47448.91,211.4049321,7.838
1,12,90,1,68273.31,211.4049321,7.838
1,12,95,1,93676.95,211.4049321,7.838
1,12,92,1,106205.58,211.4049321,7.838
1,1,81,0,27932.0,211.4047419,7.742
1,1,72,0,42581.15,211.4047419,7.742
1,1,13,0,39764.56,211.4047419,7.742
1,1,1,0,15984.24,211.4047419,7.742
1,1,91,0,68143.34,211.4574109,7.742
1,1,46,0,15209.45,211.4574109,7.742
1,1,92,0,145156.23,211.4574109,7.742
1,1,13,0,35961.99,211.8272343,7.742
1,1,92,0,130891.97,211.8272343,7.742
1,1,97,0,29371.79,212.1970577,7.742
1,1,55,0,11293.56,212.1970577,7.742
1,1,82,0,18374.35,212.1970577,7.742
1,1,13,0,36321.69,212.1970577,7.742
1,1,1,0,18461.18,212.1970577,7.742
1,2,9,0,18799.82,212.5668812,7.742
1,2,2,0,46829.12,212.5668812,7.742
1,2,13,0,38065.42,212.5668812,7.742
1,2,92,0,145494.29,212.5668812,7.742
1,2,72,0,62891.35,212.5668812,7.742
1,2,17,1,11068.7,212.9367046,7.742
1,2,94,1,61350.19,212.9367046,7.742
1,2,92,1,149699.72,212.9367046,7.742
1,2,72,1,71013.56,212.9367046,7.742
1,2,17,0,12612.94,213.2478853,7.742
1,2,91,0,65075.71,213.2478853,7.742
1,2,38,0,75224.27,213.2478853,7.742
1,2,81,0,27590.4,213.2478853,7.742
1,2,1,0,46845.87,213.2478853,7.742
1,2,67,0,17757.59,213.2478853,7.742
1,2,80,0,16085.05,213.2478853,7.742
1,2,17,0,11949.83,213.535609,7.742
1,2,13,0,37838.4,213.535609,7.742
1,2,87,0,53575.77,213.535609,7.742
1,2,9,0,24517.18,213.535609,7.742
1,2,82,0,20803.27,213.535609,7.742
1,3,13,0,42277.37,213.8233327,7.742
1,3,22,0,11331.35,213.8233327,7.742
1,3,80,0,15767.86,213.8233327,7.742
1,3,98,0,11387.59,213.8233327,7.742
1,3,4,0,37943.96,213.8233327,7.742
1,3,16,0,27388.55,214.1110564,7.742
1,3,93,0,73648.53,214.1110564,7.742
1,3,49,0,12279.03,214.1110564,7.742
1,3,5,0,23704.37,214.1110564,7.742
1,3,96,0,27590.19,214.1110564,7.742
1,3,10,0,33739.79,214.3627114,7.742
1,3,96,0,32431.44,214.3627114,7.742
1,3,13,0,36930.48,214.3627114,7.742
1,3,8,0,32558.92,214.5999389,7.742
1,3,14,0,14006.9,214.5999389,7.742
1,3,23,0,22776.24,214.5999389,7.742
1,3,11,0,26730.15,214.5999389,7.742
1,3,13,0,36745.46,214.5999389,7.742
1,4,98,0,11309.14,214.8371664,7.682
1,4,14,0,13136.1,214.8371664,7.682
1,4,38,0,74614.02,214.8371664,7.682
1,4,93,0,61488.24,214.8371664,7.682
1,4,8,0,34442.29,215.0743939,7.682
1,4,7,0,21617.85,215.0743939,7.682
1,4,11,0,24591.84,215.0743939,7.682
1,4,14,0,32563.54,215.0743939,7.682
1,4,82,0,19725.93,215.0743939,7.682
1,4,8,0,32224.01,215.2918561,7.682
1,4,2,0,44464.74,215.2918561,7.682
1,4,97,0,39347.42,215.2918561,7.682
1,4,2,0,46544.56,215.4599053,7.682
1,4,38,0,66718.84,215.4599053,7.682
1,4,1,0,50510.31,215.4599053,7.682
1,4,16,0,48934.3,215.4599053,7.682
1,4,5,0,21786.16,215.4599053,7.682
1,4,8,0,32832.06,215.4599053,7.682
1,4,87,0,47627.03,215.6279544,7.682
1,4,5,0,17503.28,215.6279544,7.682
1,4,23,0,19226.08,215.6279544,7.682
1,4,97,0,31939.43,215.6279544,7.682
1,5,92,0,140304.75,215.7960035,7.682
1,5,13,0,40581.52,215.7960035,7.682
1,5,95,0,120882.84,215.7960035,7.682
1,5,5,0,16195.54,215.7960035,7.682
1,5,98,0,10564.03,215.7960035,7.682
1,5,14,0,15385.02,215.9640526,7.682
1,5,10,0,28848.69,215.9640526,7.682
1,5,16,0,40944.33,215.9640526,7.682
1,5,91,0,69132.31,215.9640526,7.682
1,5,95,0,124953.94,215.9640526,7.682
1,5,32,0,15230.65,215.9640526,7.682
1,5,92,0,123050.97,215.7339202,7.682
1,5,80,0,16973.96,215.7339202,7.682
1,5,40,0,54356.13,215.7339202,7.682
1,5,10,0,30235.6,215.5037878,7.682
1,5,8,0,35972.12,215.5037878,7.682
1,5,97,0,34836.36,215.5037878,7.682
1,5,95,0,119815.67,215.5037878,7.682
1,5,81,0,28360.73,215.5037878,7.682
1,5,87,0,45105.26,215.5037878,7.682
1,6,94,0,69573.58,215.2736553,7.682
1,6,95,0,135260.49,215.2736553,7.682
1,6,98,0,10403.06,215.2736553,7.682
1,6,4,0,35376.06,215.0435229,7.682
1,6,7,0,38569.49,215.0435229,7.682
1,6,8,0,36099.62,215.0435229,7.682
1,6,12,0,12643.1,215.0435229,7.682
1,6,97,0,40178.65,214.9980596,7.682
1,6,95,0,135197.63,214.9980596,7.682
1,6,10,0,31612.86,214.9980596,7.682
1,6,13,0,39020.06,214.9980596,7.682
1,6,9,0,23176.62,214.9980596,7.682
1,6,38,0,72699.23,214.9980596,7.682
1,6,12,0,10438.17,215.0910982,7.682
1,6,4,0,35062.02,215.0910982,7.682
1,6,91,0,58934.29,215.0910982,7.682
1,6,11,0,35028.61,215.0910982,7.682
1,7,12,0,11414.72,215.1841368,7.962
1,7,13,0,37414.14,215.1841368,7.962
1,7,93,0,68650.5,215.1841368,7.962
1,7,49,0,12148.34,215.1841368,7.962
1,7,79,0,35335.8,215.1841368,7.962
1,7,96,0,42248.59,215.2771754,7.962
1,7,10,0,31714.81,215.2771754,7.962
1,7,13,0,38193.09,215.2771754,7.962
1,7,8,0,35582.39,215.2771754,7.962
1,7,55,0,10956.97,215.3611087,7.962
1,7,13,0,36966.32,215.3611087,7.962
1,7,40,0,50544.99,215.3611087,7.962
1,7,91,0,72630.05,215.3611087,7.962
1,7,81,0,27839.64,215.3611087,7.962
1,7,10,0,28299.95,215.3611087,7.962
1,7,7,0,14805.42,215.3611087,7.962
1,7,11,0,33734.44,215.4222784,7.962
1,7,4,0,34630.02,215.4222784,7.962
1,7,38,0,68425.21,215.4834482,7.962
1,7,72,0,36132.57,215.4834482,7.962
1,7,3,0,21331.51,215.4834482,7.962
1,7,9,0,18244.55,215.4834482,7.962
1,8,34,0,13498.51,215.544618,7.962
1,8,80,0,18308.8,215.544618,7.962
1,8,38,0,96719.55,215.544618,7.962
1,8,3,0,31248.98,215.544618,7.962
1,8,34,0,11185.39,215.6057878,7.962
1,8,93,0,77994.13,215.6057878,7.962
1,8,96,0,32767.41,215.6057878,7.962
1,8,87,0,40366.17,215.6057878,7.962
1,8,23,0,23568.53,215.6693107,7.962
1,8,94,0,67602.79,215.6693107,7.962
1,8,3,0,41603.11,215.6693107,7.962
1,8,92,0,132026.43,215.6693107,7.962
1,8,12,0,10094.04,215.6693107,7.962
1,8,4,0,39148.87,215.6693107,7.962
1,8,31,0,10089.76,215.7332258,7.962
1,8,11,0,19767.53,215.7332258,7.962
1,8,40,0,54901.78,215.7332258,7.962
1,8,3,0,49775.52,215.7332258,7.962
1,8,95,0,122721.92,215.7332258,7.962
1,8,38,0,60459.08,215.7332258,7.962
1,9,82,0,18775.72,215.7971409,7.962
1,9,12,0,10325.4,215.7971409,7.962
1,9,91,0,63542.29,215.7971409,7.962
1,9,23,0,18827.59,215.7971409,7.962
1,9,74,0,12486.32,215.7971409,7.962
1,9,49,0,11004.04,215.7971409,7.962
1,9,10,1,31416.52,215.861056,7.962
1,9,11,1,20208.4,215.861056,7.962
1,9,87,1,50145.72,215.861056,7.962
1,9,49,1,11075.68,215.861056,7.962
1,9,80,1,19080.96,215.861056,7.962
1,9,3,1,12778.28,215.861056,7.962
1,9,10,0,32147.59,216.0410526,7.962
1,9,91,0,71049.64,216.0410526,7.962
1,9,40,0,58226.24,216.0410526,7.962
1,9,9,0,27333.83,216.0410526,7.962
1,9,96,0,30908.47,216.3758246,7.962
1,9,98,0,11316.28,216.3758246,7.962
1,9,4,0,32655.07,216.3758246,7.962
1,9,2,0,43390.94,216.3758246,7.962
1,9,72,0,33809.02,216.3758246,7.962
1,9,38,0,71469.16,216.3758246,7.962
1,9,13,0,37928.28,216.7105965,7.962
1,9,72,0,39319.17,216.7105965,7.962
1,9,14,0,14027.83,216.7105965,7.962
1,9,94,0,58101.89,216.7105965,7.962
1,10,92,0,155370.71,217.0453684,7.866
1,10,49,0,11999.77,217.0453684,7.866
1,10,72,0,38528.36,217.0453684,7.866
1,10,13,0,37531.43,217.3552733,7.866
1,10,2,0,43306.38,217.3552733,7.866
1,10,91,0,68548.77,217.3552733,7.866
1,10,9,0,32636.66,217.3552733,7.866
1,10,11,0,19513.63,217.3552733,7.866
1,10,40,0,54344.36,217.5159762,7.866
1,10,95,0,116931.34,217.5159762,7.866
1,10,11,0,22029.81,217.5159762,7.866
1,10,40,0,54994.01,217.6766791,7.866
1,10,25,0,10461.93,217.6766791,7.866
1,10,18,0,16545.45,217.6766791,7.866
1,10,11,0,20051.11,217.6766791,7.866
1,10,46,0,16886.0,217.6766791,7.866
1,10,12,0,10418.23,217.6766791,7.866
1,11,14,0,13634.48,217.837382,7.866
1,11,81,0,28384.78,217.837382,7.866
1,11,9,0,50675.72,217.837382,7.866
1,11,2,0,47313.62,217.837382,7.866
1,11,1,0,18689.54,217.9980849,7.866
1,11,97,0,37047.49,217.9980849,7.866
1,11,74,0,10017.61,217.9980849,7.866
1,11,38,0,86946.05,217.9980849,7.866
1,11,97,0,35561.29,218.2205088,7.866
1,11,23,0,19124.1,218.2205088,7.866
1,11,17,1,12329.5,218.4676211,7.866
1,11,98,1,19452.26,218.4676211,7.866
1,11,40,1,53816.93,218.4676211,7.866
1,11,38,1,57562.29,218.4676211,7.866
1,12,55,0,15958.05,218.7147333,7.866
1,12,98,0,11509.66,218.7147333,7.866
1,12,14,0,18110.97,218.7147333,7.866
1,12,82,0,21205.01,218.7147333,7.866
1,12,55,0,17699.32,218.9618456,7.866
1,12,14,0,23852.42,218.9618456,7.866
1,12,1,0,33305.92,218.9618456,7.866
1,12,8,0,38226.32,218.9618456,7.866
1,12,72,0,62424.9,219.1794533,7.866
1,12,55,0,25261.76,219.1794533,7.866
1,12,96,0,35724.82,219.1794533,7.866
1,12,9,0,31948.63,219.1794533,7.866
1,12,32,0,17251.57,219.1794533,7.866
1,12,91,0,67740.71,219.3577216,7.866
1,12,25,0,15195.72,219.3577216,7.866
1,12,8,0,41062.58,219.3577216,7.866
1,12,2,0,65615.36,219.3577216,7.866
1,12,72,0,94243.47,219.3577216,7.866
1,12,18,1,21444.65,219.5359898,7.866
1,12,7,1,38216.01,219.5359898,7.866
1,1,97,0,37707.5,219.7142581,7.348
1,1,81,0,29522.11,219.7142581,7.348
1,1,2,0,44481.38,219.7142581,7.348
1,1,40,0,65669.34,219.7142581,7.348
1,1,13,0,41411.4,219.7142581,7.348
1,1,13,0,38000.25,219.8925263,7.348
1,1,93,0,84485.05,219.8925263,7.348
1,1,46,0,16990.96,219.8925263,7.348
1,1,80,0,16501.99,219.9856893,7.348
1,1,3,0,11702.08,219.9856893,7.348
1,1,93,0,73504.68,219.9856893,7.348
1,1,4,0,33613.91,220.0788523,7.348
1,1,80,0,16269.33,220.0788523,7.348
1,1,8,0,34644.25,220.0788523,7.348
1,2,7,0,16556.71,220.1720153,7.348
1,2,2,0,54322.24,220.1720153,7.348
1,2,49,0,11516.77,220.1720153,7.348
1,2,14,0,15583.82,220.1720153,7.348
1,2,38,0,89029.26,220.1720153,7.348
1,2,55,1,17331.87,220.2651783,7.348
1,2,97,1,36981.11,220.2651783,7.348
1,2,96,1,31967.59,220.2651783,7.348
1,2,93,1,78427.95,220.2651783,7.348
1,2,46,1,22301.66,220.2651783,7.348
1,2,23,0,25295.03,220.4257586,7.348
1,2,16,0,12648.11,220.4257586,7.348
1,2,74,0,12154.26,220.4257586,7.348
1,2,34,0,13164.86,220.4257586,7.348
1,2,25,0,10225.67,220.636902,7.348
1,2,98,0,11967.5,220.636902,7.348
1,2,13,0,40079.43,220.636902,7.348
1,2,38,0,72314.41,220.636902,7.348
1,3,94,0,60983.85,220.8480454,7.348
1,3,40,0,66944.08,220.8480454,7.348
1,3,17,0,11187.42,220.8480454,7.348
1,3,96,0,33512.06,220.8480454,7.348
1,3,4,0,38459.98,220.8480454,7.348
1,3,74,0,14578.2,220.8480454,7.348
1,3,2,0,52608.51,220.8480454,7.348
1,3,93,0,79749.8,221.0591887,7.348
1,3,81,0,31651.93,221.0591887,7.348
1,3,22,0,11076.38,221.0591887,7.348
1,3,98,0,13120.2,221.0591887,7.348
1,3,87,0,59487.05,221.0591887,7.348
1,3,40,0,61283.62,221.2118132,7.348
1,3,13,0,38322.83,221.2118132,7.348
1,3,34,0,14027.29,221.2118132,7.348
1,3,98,0,11424.42,221.2118132,7.348
1,3,11,0,24841.76,221.2118132,7.348
1,3,46,0,19983.27,221.2118132,7.348
1,3,10,0,33405.1,221.2118132,7.348
1,3,56,0,12132.99,221.2864126,7.348
1,3,98,0,12195.3,221.2864126,7.348
1,3,14,0,12771.12,221.2864126,7.348
1,3,11,0,24350.67,221.2864126,7.348
1,3,9,0,33541.36,221.2864126,7.348
1,3,92,0,127691.17,221.3610119,7.348
1,3,1,0,28952.86,221.3610119,7.348
1,3,79,0,30834.51,221.3610119,7.348
1,3,34,0,15035.51,221.3610119,7.348
1,4,4,0,42060.21,221.4356112,7.143
1,4,92,0,165039.54,221.4356112,7.143
1,4,79,0,45342.21,221.4356112,7.143
1,4,93,0,91384.05,221.4356112,7.143
1,4,34,0,17006.02,221.4356112,7.143
1,4,97,0,36554.07,221.5102105,7.143
1,4,12,0,10565.39,221.5102105,7.143
1,4,49,0,12122.71,221.5102105,7.143
1,4,16,0,55347.73,221.5102105,7.143
1,4,14,0,14933.13,221.5102105,7.143
1,4,72,0,43176.95,221.5640737,7.143
1,4,46,0,19395.79,221.5640737,7.143
1,4,14,0,13575.69,221.5640737,7.143
1,4,7,0,19056.92,221.5640737,7.143
1,4,25,0,10563.87,221.6179368,7.143
1,5,72,0,36683.63,221.6718,7.143
1,5,1,0,17147.44,221.6718,7.143
1,5,81,0,32261.06,221.6718,7.143
1,5,1,0,18164.2,221.7256632,7.143
1,5,11,0,28842.32,221.7256632,7.143
1,5,97,0,37634.44,221.7256632,7.143
1,5,67,0,18094.4,221.7256632,7.143
1,5,80,0,20460.41,221.7256632,7.143
1,5,90,0,85373.52,221.742674,7.143
1,5,8,0,37817.25,221.742674,7.143
1,5,9,0,26160.37,221.742674,7.143
1,5,95,0,129031.19,221.742674,7.143
1,5,49,0,10486.94,221.744944,7.143
1,5,93,0,69792.6,221.744944,7.143
1,5,13,0,38541.76,221.744944,7.143
1,5,16,0,42922.55,221.744944,7.143
1,5,40,0,57995.27,221.744944,7.143
1,6,81,0,32117.05,221.7472139,7.143
1,6,2,0,47425.29,221.7472139,7.143
1,6,87,0,56771.77,221.7472139,7.143
1,6,90,0,91559.12,221.7494839,7.143
1,6,38,0,80344.44,221.7494839,7.143
1,6,34,0,15948.94,221.7494839,7.143
1,6,4,0,39019.74,221.7626421,7.143
1,6,97,0,40683.18,221.7626421,7.143
1,6,14,0,14117.36,221.7626421,7.143
1,6,13,0,39024.74,221.7626421,7.143
1,6,67,0,11505.87,221.7626421,7.143
1,6,94,0,63073.2,221.7626421,7.143
1,6,9,0,30249.01,221.7626421,7.143
1,6,4,0,37400.31,221.8030211,7.143
1,6,14,0,13158.38,221.8030211,7.143
1,6,81,0,31402.79,221.8030211,7.143
1,6,1,0,16633.41,221.8030211,7.143
1,6,74,0,13716.9,221.8030211,7.143
1,6,40,0,57655.87,221.8434,7.143
1,6,87,0,54951.6,221.8434,7.143
1,7,98,0,13148.0,221.8837789,6.908
1,7,79,0,47794.94,221.8837789,6.908
1,7,98,0,11517.66,221.9241579,6.908
1,7,90,0,87988.59,221.9241579,6.908
1,7,93,0,86203.09,221.9241579,6.908
1,7,1,0,16566.18,221.9241579,6.908
1,7,11,0,25922.59,221.9241579,6.908
1,7,40,0,54840.74,221.9327267,6.908
1,7,12,0,12565.06,221.9327267,6.908
1,7,23,0,18105.68,221.9412954,6.908
1,7,14,0,12706.52,221.9412954,6.908
1,7,93,0,63025.1,221.9412954,6.908
1,7,9,0,22921.21,221.9412954,6.908
1,7,94,0,59097.29,221.9412954,6.908
1,7,74,0,12291.51,221.9412954,6.908
1,8,13,0,44708.45,221.9498642,6.908
1,8,97,0,36222.9,221.9498642,6.908
1,8,34,0,11648.89,221.9498642,6.908
1,8,87,0,61634.08,221.9498642,6.908
1,8,49,0,11140.28,221.9498642,6.908
1,8,93,0,84119.12,221.9584329,6.908
1,8,74,0,11995.61,221.9584329,6.908
1,8,7,0,16552.49,221.9584329,6.908
1,8,14,0,12419.06,222.0384109,6.908
1,8,82,0,18563.27,222.0384109,6.908
1,8,79,0,32431.81,222.0384109,6.908
1,8,8,0,36294.18,222.0384109,6.908
1,8,80,0,18713.54,222.1719457,6.908
1,8,74,0,12090.3,222.1719457,6.908
1,8,33,0,13019.11,222.1719457,6.908
1,8,16,0,18393.12,222.1719457,6.908
1,8,91,0,60429.67,222.1719457,6.908
1,8,97,0,36432.05,222.3054805,6.908
1,8,12,0,10591.46,222.3054805,6.908
1,8,79,0,30371.45,222.3054805,6.908
1,8,49,0,12065.15,222.3054805,6.908
1,8,91,0,62130.73,222.3054805,6.908
1,8,8,0,37666.92,222.3054805,6.908
1,9,96,1,39935.58,222.4390153,6.908
1,9,90,1,96280.55,222.4390153,6.908
1,9,97,1,43039.76,222.4390153,6.908
1,9,40,1,61156.64,222.4390153,6.908
1,9,72,0,40346.48,222.5820193,6.908
1,9,13,0,38759.47,222.5820193,6.908
1,9,46,0,17207.35,222.5820193,6.908
1,9,81,0,30417.19,222.5820193,6.908
1,9,79,0,33317.12,222.5820193,6.908
1,9,72,0,61883.75,222.7818386,6.908
1,9,16,0,13415.51,222.7818386,6.908
1,9,9,0,33889.72,222.7818386,6.908
1,9,92,0,139354.6,222.7818386,6.908
1,9,7,0,22542.44,222.7818386,6.908
1,10,12,0,10037.09,223.1814772,6.573
1,10,8,0,42663.75,223.1814772,6.573
1,10,81,0,31376.98,223.1814772,6.573
1,10,40,0,56659.18,223.3812965,6.573
1,10,95,0,124559.93,223.3812965,6.573
1,10,81,0,30502.04,223.3812965,6.573
1,10,11,0,18259.82,223.4257233,6.573
1,10,7,0,21937.45,223.4257233,6.573
1,10,18,0,10569.09,223.4257233,6.573
1,10,82,0,20132.76,223.4257233,6.573
1,10,4,0,36292.6,223.4442513,6.573
1,10,79,0,29294.29,223.4442513,6.573
1,10,92,0,132155.74,223.4442513,6.573
1,10,11,0,22399.83,223.4442513,6.573
2,2,92,0,178982.89,210.7526053,8.324
2,2,91,0,88433.59,210.7526053,8.324
2,2,46,0,30328.88,210.7526053,8.324
2,2,17,0,18810.11,210.7526053,8.324
2,2,98,0,14693.62,210.7526053,8.324
2,2,25,0,16827.5,210.7526053,8.324
2,2,94,1,73828.47,210.8979935,8.324
2,2,34,1,19002.81,210.8979935,8.324
2,2,81,1,33361.51,210.8979935,8.324
2,2,98,1,20015.78,210.8979935,8.324
2,2,74,1,19152.7,210.8979935,8.324
2,2,55,1,23829.76,210.8979935,8.324
2,2,2,1,65487.46,210.8979935,8.324
2,2,29,0,11228.01,210.9451605,8.324
2,2,90,0,99232.56,210.9451605,8.324
2,2,58,0,24276.0,210.9451605,8.324
2,2,11,0,19504.74,210.9451605,8.324
2,2,25,0,17803.75,210.9451605,8.324
2,2,40,0,89782.95,210.9451605,8.324
2,2,55,0,21728.65,210.9451605,8.324
2,2,80,0,28233.48,210.9451605,8.324
2,2,95,0,131326.73,210.9759573,8.324
2,2,58,0,19473.0,210.9759573,8.324
2,2,3,0,15635.95,210.9759573,8.324
2,2,17,0,16339.18,210.9759573,8.324
2,2,82,0,20352.71,210.9759573,8.324
2,3,13,0,52696.93,211.0067542,8.324
2,3,46,0,30954.27,211.0067542,8.324
2,3,95,0,139609.52,211.0067542,8.324
2,3,90,0,97319.46,211.0067542,8.324
2,3,21,0,11849.63,211.037551,8.324
2,3,25,0,16055.25,211.037551,8.324
2,3,90,0,97478.89,211.037551,8.324
2,3,22,0,13264.44,211.037551,8.324
2,3,2,0,64307.01,210.8733316,8.324
2,3,82,0,22053.47,210.8733316,8.324
2,3,87,0,23225.17,210.8733316,8.324
2,3,97,0,34674.41,210.6766095,8.324
2,3,5,0,51778.35,210.6766095,8.324
2,3,82,0,17823.07,210.6766095,8.324
2,4,58,0,18415.0,210.4798874,8.2
2,4,81,0,32613.74,210.4798874,8.2
2,4,91,0,84609.17,210.4798874,8.2
2,4,34,0,17884.24,210.4798874,8.2
2,4,13,0,49482.41,210.4798874,8.2
2,4,81,0,31396.1,210.2831653,8.2
2,4,10,0,43340.53,210.2831653,8.2
2,4,98,0,14258.48,210.1495463,8.2
2,4,13,0,48778.34,210.1495463,8.2
2,4,38,0,91761.12,210.1495463,8.2
2,4,22,0,10474.53,210.1495463,8.2
2,4,2,0,65172.2,210.1495463,8.2
2,4,8,0,56653.63,210.1495463,8.2
2,4,40,0,80342.6,210.1000648,8.2
2,4,96,0,32326.67,210.1000648,8.2
2,4,38,0,90616.12,210.1000648,8.2
2,4,56,0,17271.3,210.1000648,8.2
2,4,3,0,11867.75,210.0505833,8.2
2,4,14,0,16125.19,210.0505833,8.2
2,4,8,0,57540.12,210.0505833,8.2
2,4,95,0,138212.02,210.0505833,8.2
2,4,46,0,27502.95,210.0505833,8.2
2,5,3,0,12060.55,210.0011018,8.2
2,5,25,0,27799.0,210.0011018,8.2
2,5,96,0,34473.66,210.0011018,8.2
2,5,49,0,15109.66,210.0011018,8.2
2,5,90,0,86243.22,209.9984585,8.2
2,5,72,0,56623.24,209.9984585,8.2
2,5,49,0,13862.58,209.9984585,8.2
2,5,95,0,144564.98,209.9984585,8.2
2,5,32,0,19145.73,209.9984585,8.2
2,5,87,0,21827.93,210.2768443,8.2
2,5,26,0,10114.5,210.2768443,8.2
2,5,67,0,12972.67,210.2768443,8.2
2,5,98,0,14273.9,210.5552301,8.2
2,5,92,0,145574.74,210.5552301,8.2
2,5,82,0,19956.28,210.5552301,8.2
2,5,23,0,34551.07,210.5552301,8.2
2,5,16,0,59638.47,210.5552301,8.2
2,6,67,0,15896.68,210.833616,8.2
2,6,92,0,150639.71,210.833616,8.2
2,6,23,0,37589.5,210.833616,8.2
2,6,17,0,13531.59,210.833616,8.2
2,6,16,0,51913.06,211.1120018,8.2
2,6,3,0,12166.23,211.1120018,8.2
2,6,87,0,23268.59,211.1120018,8.2
2,6,11,0,35478.75,211.1120018,8.2
2,6,91,0,91970.72,211.1120018,8.2
2,6,23,0,35947.03,211.1120018,8.2
2,6,90,0,95129.36,211.1096543,8.2
2,6,58,0,17190.0,211.1096543,8.2
2,6,11,0,29824.99,211.1096543,8.2
2,6,16,0,57212.57,211.1096543,8.2
2,6,4,0,46855.87,211.1096543,8.2
2,6,9,0,40014.78,211.1096543,8.2
2,6,67,0,18287.99,210.9950134,8.2
2,6,94,0,71967.66,210.9950134,8.2
2,7,58,0,40775.0,210.8803726,8.099
2,7,90,0,98458.62,210.8803726,8.099
2,7,11,0,25225.23,210.8803726,8.099
2,7,79,0,38659.34,210.8803726,8.099
2,7,72,0,49471.8,210.7657317,8.099
2,7,3,0,13839.77,210.7657317,8.099
2,7,9,0,35631.89,210.7657317,8.099
2,7,74,0,18133.21,210.7657317,8.099
2,7,2,0,66045.13,210.7657317,8.099
2,7,94,0,72915.41,210.7657317,8.099
2,7,8,0,57010.13,210.7657317,8.099
2,7,1,0,23727.77,210.7577954,8.099
2,7,9,0,30712.06,210.7577954,8.099
2,7,92,0,154270.42,210.7577954,8.099
2,7,34,0,16179.97,210.7577954,8.099
2,7,82,0,18916.34,210.8921319,8.099
2,7,74,0,18528.73,210.8921319,8.099
2,7,3,0,25107.25,210.8921319,8.099
2,7,98,0,12739.51,210.8921319,8.099
2,7,22,0,11691.19,211.0264684,8.099
2,7,25,0,14486.65,211.0264684,8.099
2,7,38,0,79166.83,211.0264684,8.099
2,8,92,0,159515.33,211.1608049,8.099
2,8,81,0,32317.34,211.1608049,8.099
2,8,16,0,32172.54,211.1608049,8.099
2,8,94,0,71755.49,211.2951413,8.099
2,8,2,0,69947.0,211.2951413,8.099
2,8,72,0,69769.77,211.2951413,8.099
2,8,81,0,31218.42,211.2951413,8.099
2,8,34,0,19893.58,211.2596586,8.099
2,8,94,0,70711.67,211.2596586,8.099
2,8,96,0,33727.11,211.2596586,8.099
2,8,79,0,30238.78,211.2241759,8.099
2,8,10,0,38751.23,211.2241759,8.099
2,8,32,0,10280.49,211.2241759,8.099
2,8,72,0,71573.73,211.2241759,8.099
2,8,13,0,48739.12,211.2241759,8.099
2,9,32,0,11614.06,211.1886931,8.099
2,9,10,0,42172.3,211.1886931,8.099
2,9,82,1,18926.63,211.1532104,8.099
2,9,91,1,80809.21,211.1532104,8.099
2,9,22,1,11873.87,211.1532104,8.099
2,9,87,1,22302.04,211.1532104,8.099
2,9,95,1,146868.91,211.1532104,8.099
2,9,49,1,16371.73,211.1532104,8.099
2,9,92,0,154929.79,211.1806415,8.099
2,9,23,0,21264.0,211.1806415,8.099
2,9,72,0,52366.93,211.1806415,8.099
2,9,8,0,55673.16,211.1806415,8.099
2,9,13,0,50605.99,211.1806415,8.099
2,9,79,0,30854.32,211.1806415,8.099
2,9,25,0,12821.48,211.2552578,8.099
2,9,4,0,43343.92,211.2552578,8.099
2,10,2,0,66423.44,211.3298742,8.163
2,10,40,0,81829.64,211.3298742,8.163
2,10,81,0,30572.39,211.3298742,8.163
2,10,55,0,10113.94,211.3298742,8.163
2,10,9,0,36075.43,211.3298742,8.163
2,10,21,0,10544.26,211.3298742,8.163
2,10,90,0,90304.5,211.4044906,8.163
2,10,17,0,13840.58,211.4044906,8.163
2,10,23,0,28017.14,211.4044906,8.163
2,10,93,0,67136.02,211.4044906,8.163
2,10,11,0,19673.95,211.4044906,8.163
2,10,79,0,36906.42,211.4044906,8.163
2,10,81,0,30264.11,211.4713286,8.163
2,10,14,0,18012.26,211.4713286,8.163
2,10,5,0,25431.82,211.4713286,8.163
2,10,14,0,16546.89,211.5187208,8.163
2,10,58,0,18293.0,211.5187208,8.163
2,10,95,0,137475.83,211.5187208,8.163
2,10,9,0,31882.23,211.5187208,8.163
2,10,25,0,15303.68,211.5661131,8.163
2,10,13,0,45828.94,211.5661131,8.163
2,10,18,0,37559.42,211.5661131,8.163
2,10,97,0,38987.89,211.5661131,8.163
2,10,40,0,77303.33,211.5661131,8.163
2,11,80,0,25892.67,211.6135053,8.163
2,11,79,0,37991.52,211.6135053,8.163
2,11,2,0,64267.74,211.6135053,8.163
2,11,92,0,176196.51,211.6135053,8.163
2,11,8,0,63248.62,211.6135053,8.163
2,11,38,0,86125.25,211.6608975,8.163
2,11,13,0,47466.21,211.6608975,8.163
2,11,97,0,42851.69,211.6608975,8.163
2,11,91,0,82141.03,211.6608975,8.163
2,11,95,0,138127.34,211.6608975,8.163
2,11,74,0,15980.61,211.5470304,8.163
2,11,13,0,48465.38,211.5470304,8.163
2,11,81,0,31701.09,211.5470304,8.163
2,11,38,0,73418.13,211.5470304,8.163
2,11,93,0,82781.22,211.5470304,8.163
2,11,11,1,36577.0,211.4062867,8.163
2,11,94,1,72649.16,211.4062867,8.163
2,11,81,1,33443.08,211.4062867,8.163
2,11,29,1,10613.4,211.4062867,8.163
2,11,33,1,16556.72,211.4062867,8.163
2,11,3,1,15224.16,211.4062867,8.163
2,12,87,0,27108.86,211.265543,8.163
2,12,40,0,82762.04,211.265543,8.163
2,12,34,0,15367.05,211.265543,8.163
2,12,91,0,69061.8,211.265543,8.163
2,12,92,0,152559.76,211.265543,8.163
2,12,24,0,24949.2,211.1247993,8.163
2,12,7,0,140504.01,211.1247993,8.163
2,12,21,0,13236.88,211.1247993,8.163
2,12,98,0,18122.24,211.1247993,8.163
2,12,9,0,35788.05,211.1247993,8.163
2,12,91,0,84494.08,211.1247993,8.163
2,12,38,0,94757.2,211.1247993,8.163
2,12,79,0,32166.06,211.0645458,8.163
2,12,13,0,42513.81,211.0645458,8.163
2,12,9,0,41466.44,211.0645458,8.163
2,12,3,0,18194.58,211.0645458,8.163
2,12,98,0,22465.96,211.0645458,8.163
2,12,23,0,88454.23,211.0646599,8.163
2,12,13,0,47569.45,211.0646599,8.163
2,12,11,0,37983.95,211.0646599,8.163
2,12,98,0,22824.27,211.0646599,8.163
2,12,23,1,20845.42,211.064774,8.163
2,12,22,1,15074.49,211.064774,8.163
2,12,18,1,33799.07,211.064774,8.163
2,12,14,1,23161.13,211.064774,8.163
2,12,11,1,21677.27,211.064774,8.163
2,12,91,1,65452.57,211.064774,8.163
2,1,2,0,62974.44,211.0648881,8.028
2,1,14,0,16916.65,211.0648881,8.028
2,1,3,0,14936.37,211.0648881,8.028
2,1,34,0,12456.15,211.0648881,8.028
2,1,97,0,40998.96,211.0648881,8.028
2,1,40,0,78374.47,211.1176713,8.028
2,1,82,0,19750.58,211.1176713,8.028
2,1,49,0,15710.71,211.1176713,8.028
2,1,10,0,37583.33,211.1176713,8.028
2,1,93,0,77567.1,211.1176713,8.028
2,1,97,0,41689.01,211.1176713,8.028
2,1,3,0,17268.17,211.4864691,8.028
2,1,11,0,24171.27,211.4864691,8.028
2,1,13,0,50290.38,211.4864691,8.028
2,1,91,0,73090.61,211.8552668,8.028
2,1,1,0,25461.57,211.8552668,8.028
2,1,7,0,19681.82,211.8552668,8.028
2,1,8,0,59611.03,211.8552668,8.028
2,2,2,0,60069.23,212.2240646,8.028
2,2,87,0,23636.93,212.2240646,8.028
2,2,11,0,24692.06,212.2240646,8.028
2,2,40,0,76890.06,212.2240646,8.028
2,2,34,0,12982.89,212.2240646,8.028
2,2,4,0,46231.68,212.2240646,8.028
2,2,26,1,10707.98,212.5928624,8.028
2,2,14,1,24718.91,212.5928624,8.028
2,2,23,1,30127.76,212.5928624,8.028
2,2,92,1,195482.73,212.5928624,8.028
2,2,34,1,17176.94,212.5928624,8.028
2,2,7,0,33235.49,212.9033115,8.028
2,2,87,0,24117.13,212.9033115,8.028
2,2,18,0,26498.6,212.9033115,8.028
2,2,72,0,100128.26,212.9033115,8.028
2,2,23,0,29243.1,212.9033115,8.028
2,2,42,0,10965.25,212.9033115,8.028
2,2,46,0,32481.01,212.9033115,8.028
2,2,16,0,15566.84,212.9033115,8.028
2,2,7,0,31330.01,213.190421,8.028
2,2,10,0,40176.28,213.190421,8.028
2,2,38,0,103100.6,213.190421,8.028
2,2,97,0,35462.75,213.190421,8.028
2,3,58,0,25892.0,213.4775305,8.028
2,3,98,0,12991.61,213.4775305,8.028
2,3,46,0,29971.92,213.4775305,8.028
2,3,3,0,12597.45,213.4775305,8.028
2,3,11,0,17301.63,213.4775305,8.028
2,3,25,0,15025.51,213.7646401,8.028
2,3,49,0,17735.08,213.7646401,8.028
2,3,46,0,28741.71,213.7646401,8.028
2,3,92,0,165774.06,213.7646401,8.028
2,3,3,0,11247.41,213.7646401,8.028
2,3,87,0,19710.8,214.0156238,8.028
2,3,74,0,17756.51,214.0156238,8.028
2,3,8,0,56264.95,214.0156238,8.028
2,3,11,0,20137.68,214.0156238,8.028
2,3,7,0,36391.92,214.0156238,8.028
2,3,82,0,19433.24,214.2521573,8.028
2,3,95,0,129634.52,214.2521573,8.028
2,3,87,0,22288.39,214.2521573,8.028
2,3,10,0,40556.64,214.2521573,8.028
2,3,49,0,21461.76,214.2521573,8.028
2,3,4,0,40662.41,214.2521573,8.028
2,3,81,0,29340.45,214.2521573,8.028
2,4,72,0,68017.71,214.4886908,7.931
2,4,56,0,12189.49,214.4886908,7.931
2,4,95,0,131101.8,214.4886908,7.931
2,4,58,0,18600.0,214.4886908,7.931
2,4,46,0,28107.51,214.4886908,7.931
2,4,2,0,61878.07,214.7252242,7.931
2,4,16,0,48360.42,214.7252242,7.931
2,4,82,0,20374.85,214.7252242,7.931
2,4,7,0,30127.42,214.7252242,7.931
2,4,8,0,56757.01,214.7252242,7.931
2,4,13,0,42638.48,214.9420631,7.931
2,4,79,0,32794.96,214.9420631,7.931
2,4,95,0,140354.49,214.9420631,7.931
2,4,46,0,27264.89,214.9420631,7.931
2,4,58,0,19730.0,214.9420631,7.931
2,4,16,0,43993.76,215.1096657,7.931
2,4,97,0,40433.54,215.1096657,7.931
2,4,13,0,40836.61,215.1096657,7.931
2,4,92,0,156086.63,215.1096657,7.931
2,4,87,0,21188.68,215.2772683,7.931
2,4,16,0,38636.29,215.2772683,7.931
2,4,82,0,20909.47,215.2772683,7.931
2,4,3,0,10716.84,215.2772683,7.931
2,4,40,0,71226.32,215.2772683,7.931
2,5,9,0,31728.17,215.4448709,7.931
2,5,38,0,93612.75,215.4448709,7.931
2,5,98,0,12814.11,215.4448709,7.931
2,5,87,0,21711.37,215.4448709,7.931
2,5,90,0,94918.58,215.4448709,7.931
2,5,58,0,15420.0,215.4448709,7.931
2,5,49,0,15680.12,215.6124735,7.931
2,5,13,0,41956.9,215.6124735,7.931
2,5,87,0,19701.43,215.6124735,7.931
2,5,2,0,62941.61,215.6124735,7.931
2,5,10,0,34022.58,215.3834778,7.931
2,5,40,0,70555.83,215.3834778,7.931
2,5,14,0,18223.68,215.1544822,7.931
2,5,38,0,89099.26,215.1544822,7.931
2,5,2,0,64755.07,215.1544822,7.931
2,6,11,0,36370.75,214.9254865,7.931
2,6,93,0,72843.37,214.9254865,7.931
2,6,81,0,30655.85,214.9254865,7.931
2,6,23,0,32275.59,214.9254865,7.931
2,6,92,0,145322.47,214.9254865,7.931
2,6,16,0,51390.09,214.6964908,7.931
2,6,74,0,17010.01,214.6964908,7.931
2,6,92,0,154372.76,214.6964908,7.931
2,6,2,0,66831.49,214.6964908,7.931
2,6,1,0,21554.22,214.6964908,7.931
2,6,67,0,12036.29,214.6964908,7.931
2,6,79,0,30934.54,214.6513538,7.931
2,6,93,0,75628.93,214.6513538,7.931
2,6,8,0,58372.71,214.6513538,7.931
2,6,17,0,13233.62,214.6513538,7.931
2,6,7,0,40861.1,214.6513538,7.931
2,6,22,0,10376.42,214.6513538,7.931
2,6,58,0,22785.0,214.7441108,7.931
2,6,93,0,65481.83,214.7441108,7.931
2,6,97,0,38344.36,214.7441108,7.931
2,6,14,0,17780.68,214.7441108,7.931
2,7,23,0,27176.45,214.8368678,7.852
2,7,58,0,25355.0,214.8368678,7.852
2,7,90,0,93659.37,214.8368678,7.852
2,7,96,0,41646.44,214.8368678,7.852
2,7,23,0,27656.15,214.9296249,7.852
2,7,90,0,95967.05,214.9296249,7.852
2,7,1,0,21037.47,214.9296249,7.852
2,7,10,0,41399.43,214.9296249,7.852
2,7,38,0,82090.98,215.0134426,7.852
2,7,90,0,94394.93,215.0134426,7.852
2,7,14,0,16125.94,215.0134426,7.852
2,7,46,0,28167.85,215.0134426,7.852
2,7,40,0,66306.93,215.0749122,7.852
2,7,13,0,42761.27,215.0749122,7.852
2,7,79,0,29284.09,215.0749122,7.852
2,7,74,0,16806.05,215.1363819,7.852
2,7,58,0,19290.0,215.1363819,7.852
2,7,95,0,139795.89,215.1363819,7.852
2,7,8,0,54339.28,215.1363819,7.852
2,8,92,0,160468.74,215.1978515,7.852
2,8,82,0,20943.35,215.1978515,7.852
2,8,79,0,38304.23,215.1978515,7.852
2,8,3,0,49828.06,215.2593211,7.852
2,8,2,0,66849.04,215.2593211,7.852
2,8,24,0,14356.6,215.2593211,7.852
2,8,1,0,20580.3,215.2593211,7.852
2,8,95,0,150502.78,215.2593211,7.852
2,8,17,0,13943.95,215.3229307,7.852
2,8,40,0,71015.08,215.3229307,7.852
2,8,96,0,31655.2,215.386897,7.852
2,8,72,0,56190.45,215.386897,7.852
2,8,11,0,18132.95,215.386897,7.852
2,9,23,0,20713.87,215.4508632,7.852
2,9,4,0,43831.31,215.4508632,7.852
2,9,97,0,42070.17,215.4508632,7.852
2,9,82,0,22014.49,215.4508632,7.852
2,9,96,0,34679.82,215.4508632,7.852
2,9,16,1,16794.46,215.5148295,7.852
2,9,79,1,31510.48,215.5148295,7.852
2,9,92,1,164687.59,215.5148295,7.852
2,9,11,1,17711.06,215.5148295,7.852
2,9,95,1,144040.98,215.5148295,7.852
2,9,9,1,41923.23,215.5148295,7.852
2,9,7,1,25256.58,215.5148295,7.852
2,9,38,0,82024.87,215.6944378,7.852
2,9,96,0,30858.99,215.6944378,7.852
2,9,34,0,12302.96,216.0282356,7.852
2,9,94,0,63940.22,216.0282356,7.852
2,9,10,0,38505.51,216.0282356,7.852
2,9,90,0,93148.32,216.0282356,7.852
2,9,16,0,10694.72,216.3620333,7.852
2,9,49,0,14318.54,216.3620333,7.852
2,9,93,0,59126.11,216.3620333,7.852
2,9,82,0,19305.59,216.3620333,7.852
2,9,58,0,18215.0,216.3620333,7.852
2,10,81,0,29750.22,216.6958311,7.441
2,10,74,0,14933.42,216.6958311,7.441
2,10,7,0,25582.86,216.6958311,7.441
2,10,14,0,16962.2,216.6958311,7.441
2,10,17,0,11816.99,216.6958311,7.441
2,10,96,0,30419.25,216.6958311,7.441
2,10,34,0,12424.44,217.0048261,7.441
2,10,46,0,25369.96,217.0048261,7.441
2,10,92,0,164033.78,217.0048261,7.441
2,10,93,0,69198.2,217.0048261,7.441
2,10,72,0,54137.0,217.0048261,7.441
2,10,90,0,96819.66,217.1650042,7.441
2,10,74,0,14322.44,217.1650042,7.441
2,10,94,0,65152.25,217.1650042,7.441
2,10,87,0,23045.15,217.1650042,7.441
2,10,94,0,65277.11,217.3251824,7.441
2,10,91,0,73723.02,217.3251824,7.441
2,10,90,0,94482.7,217.3251824,7.441
2,10,38,0,77566.94,217.3251824,7.441
2,10,14,0,18521.6,217.3251824,7.441
2,11,79,0,34195.21,217.4853605,7.441
2,11,22,0,13929.14,217.4853605,7.441
2,11,58,0,22770.0,217.4853605,7.441
2,11,5,0,37783.35,217.4853605,7.441
2,11,46,0,27663.11,217.4853605,7.441
2,11,10,0,36939.95,217.4853605,7.441
2,11,72,0,104580.51,217.4853605,7.441
2,11,4,0,44380.53,217.6455387,7.441
2,11,90,0,103857.48,217.6455387,7.441
2,11,22,0,13515.47,217.6455387,7.441
2,11,26,0,11442.32,217.6455387,7.441
2,11,87,0,26710.7,217.6455387,7.441
2,11,13,0,43893.56,217.6455387,7.441
2,11,49,0,12891.0,217.8670218,7.441
2,11,93,0,83466.8,217.8670218,7.441
2,11,79,0,29367.56,217.8670218,7.441
2,11,34,0,12785.33,217.8670218,7.441
2,11,13,0,41830.69,217.8670218,7.441
2,11,5,1,102614.71,218.1130269,7.441
2,11,25,1,17623.65,218.1130269,7.441
2,11,93,1,88617.19,218.1130269,7.441
2,11,44,1,11621.86,218.1130269,7.441
2,11,7,1,125080.78,218.1130269,7.441
2,11,46,1,31715.55,218.1130269,7.441
2,11,95,1,138040.18,218.1130269,7.441
2,11,14,1,63334.0,218.1130269,7.441
2,12,72,0,68870.18,218.3590319,7.441
2,12,44,0,10762.27,218.3590319,7.441
2,12,22,0,16016.91,218.3590319,7.441
2,12,90,0,108525.76,218.605037,7.441
2,12,2,0,66160.47,218.605037,7.441
2,12,9,0,34065.44,218.605037,7.441
2,12,22,0,18218.17,218.605037,7.441
2,12,97,0,42130.52,218.605037,7.441
2,12,4,0,44697.01,218.605037,7.441
2,12,9,0,40147.55,218.8217928,7.441
2,12,91,0,81981.41,218.8217928,7.441
2,12,67,0,18860.77,218.8217928,7.441
2,12,44,0,12318.47,218.8217928,7.441
2,12,38,0,77123.72,218.9995495,7.441
2,12,25,0,26814.72,218.9995495,7.441
2,12,21,0,15774.84,218.9995495,7.441
2,12,2,0,93511.03,218.9995495,7.441
2,12,25,1,12141.41,219.1773063,7.441
2,12,18,1,36279.02,219.1773063,7.441
2,12,87,1,28973.6,219.1773063,7.441
2,12,40,1,74489.03,219.1773063,7.441
2,12,79,1,25907.28,219.1773063,7.441
2,12,95,1,111863.62,219.1773063,7.441
2,1,49,0,15622.26,219.355063,7.057
2,1,34,0,13386.54,219.355063,7.057
2,1,38,0,91450.24,219.355063,7.057
2,1,97,0,41846.86,219.355063,7.057
2,1,1,0,21569.9,219.5328198,7.057
2,1,98,0,11838.21,219.5328198,7.057
2,1,93,0,77548.75,219.5328198,7.057
2,1,98,0,11694.22,219.6258417,7.057
2,1,46,0,26440.08,219.6258417,7.057
2,1,40,0,79675.79,219.6258417,7.057
2,1,94,0,66752.32,219.6258417,7.057
2,1,2,0,61438.15,219.6258417,7.057
2,1,87,0,25590.28,219.6258417,7.057
2,1,23,0,19032.57,219.7188636,7.057
2,1,95,0,124814.6,219.7188636,7.057
2,1,7,0,18248.43,219.7188636,7.057
2,1,40,0,76568.94,219.7188636,7.057
2,1,46,0,24409.99,219.7188636,7.057
2,1,93,0,63920.03,219.7188636,7.057
2,2,16,0,12100.76,219.8118854,7.057
2,2,97,0,40093.79,219.8118854,7.057
2,2,8,0,62315.55,219.8118854,7.057
2,2,91,0,84338.53,219.8118854,7.057
2,2,22,1,22875.87,219.9049073,7.057
2,2,92,1,184489.05,219.9049073,7.057
2,2,23,1,30778.67,219.9049073,7.057
2,2,9,1,26580.46,219.9049073,7.057
2,2,40,1,81832.29,219.9049073,7.057
2,2,82,0,27517.56,220.0651993,7.057
2,2,80,0,26244.78,220.0651993,7.057
2,2,10,0,41403.29,220.0651993,7.057
2,2,17,0,18727.27,220.275944,7.057
2,2,10,0,38434.79,220.275944,7.057
2,2,16,0,18344.1,220.275944,7.057
2,2,34,0,16096.16,220.275944,7.057
2,2,2,0,66451.66,220.275944,7.057
2,3,90,0,99109.67,220.4866886,7.057
2,3,32,0,11481.92,220.4866886,7.057
2,3,25,0,14379.23,220.4866886,7.057
2,3,40,0,86048.96,220.6974332,7.057
2,3,38,0,83282.64,220.6974332,7.057
2,3,25,0,15467.27,220.6974332,7.057
2,3,14,0,21421.17,220.8498468,7.057
2,3,93,0,76963.07,220.8498468,7.057
2,3,42,0,10324.24,220.8498468,7.057
2,3,97,0,41764.65,220.8498468,7.057
2,3,56,0,16143.36,220.8498468,7.057
2,3,87,0,24891.33,220.8498468,7.057
2,3,93,0,66943.19,220.9244858,7.057
2,3,96,0,30759.91,220.9244858,7.057
2,3,91,0,75070.16,220.9244858,7.057
2,3,13,0,43704.89,220.9244858,7.057
2,3,72,0,63837.46,220.9244858,7.057
2,3,87,0,23401.33,220.9244858,7.057
2,3,26,0,11150.68,220.9991248,7.057
2,3,49,0,15062.29,220.9991248,7.057
2,3,91,0,74849.07,220.9991248,7.057
2,3,11,0,19728.57,220.9991248,7.057
2,3,46,0,27563.18,220.9991248,7.057
2,4,81,0,34703.23,221.0737638,6.891
2,4,55,0,10048.45,221.0737638,6.891
2,4,17,0,13263.58,221.0737638,6.891
2,4,67,0,11816.49,221.0737638,6.891
2,4,11,0,20779.01,221.0737638,6.891
2,4,14,0,19585.46,221.0737638,6.891
2,4,2,0,61390.48,221.1484028,6.891
2,4,14,0,22766.23,221.1484028,6.891
2,4,74,0,14599.99,221.1484028,6.891
2,4,10,0,35947.67,221.1484028,6.891
2,4,3,0,10047.71,221.1484028,6.891
2,4,22,0,11817.63,221.2021074,6.891
2,4,56,0,12984.59,221.2021074,6.891
2,4,49,0,17632.93,221.2021074,6.891
2,4,3,0,11178.49,221.2021074,6.891
2,4,82,0,20567.72,221.255812,6.891
2,4,98,0,11539.97,221.255812,6.891
2,4,17,0,11799.54,221.255812,6.891
2,4,1,0,22414.38,221.255812,6.891
2,4,7,0,30778.46,221.255812,6.891
2,5,5,0,20351.43,221.3095166,6.891
2,5,98,0,12606.3,221.3095166,6.891
2,5,80,0,25113.57,221.3095166,6.891
2,5,58,0,13580.0,221.3095166,6.891
2,5,74,0,13718.71,221.3095166,6.891
2,5,16,0,54561.21,221.3095166,6.891
2,5,91,0,84626.11,221.3632212,6.891
2,5,90,0,97701.57,221.3632212,6.891
2,5,11,0,25065.28,221.3632212,6.891
2,5,80,0,26752.77,221.3632212,6.891
2,5,16,0,45366.08,221.3632212,6.891
2,5,79,0,31800.89,221.3632212,6.891
2,5,87,0,25695.96,221.380331,6.891
2,5,5,0,19415.92,221.380331,6.891
2,5,90,0,97405.81,221.380331,6.891
2,5,32,0,20179.74,221.380331,6.891
2,5,16,0,44772.09,221.380331,6.891
2,5,9,0,42097.06,221.3828029,6.891
2,5,94,0,76842.02,221.3828029,6.891
2,6,5,0,18540.63,221.3852748,6.891
2,6,4,0,47662.59,221.3852748,6.891
2,6,80,0,23634.51,221.3852748,6.891
2,6,16,0,51827.41,221.3852748,6.891
2,6,80,0,28877.35,221.3877467,6.891
2,6,67,0,12470.86,221.3877467,6.891
2,6,2,0,70841.55,221.3877467,6.891
2,6,1,0,24826.25,221.3877467,6.891
2,6,67,0,20209.73,221.4009901,6.891
2,6,11,0,26842.85,221.4009901,6.891
2,6,22,0,11635.22,221.4009901,6.891
2,6,58,0,18600.0,221.4411622,6.891
2,6,1,0,24155.67,221.4411622,6.891
2,6,34,0,21626.25,221.4411622,6.891
2,6,32,0,11071.69,221.4411622,6.891
2,6,58,0,17965.0,221.4813343,6.891
2,6,74,0,17712.4,221.4813343,6.891
2,7,8,0,62976.13,221.5215064,6.565
2,7,81,0,35561.91,221.5215064,6.565
2,7,25,0,15180.28,221.5215064,6.565
2,7,58,0,16790.0,221.5215064,6.565
2,7,87,0,22835.35,221.5215064,6.565
2,7,13,0,44715.09,221.5616784,6.565
2,7,90,0,98850.8,221.5616784,6.565
2,7,17,0,12561.5,221.5616784,6.565
2,7,9,0,26661.17,221.5616784,6.565
2,7,13,0,46537.71,221.5701123,6.565
2,7,4,0,45996.72,221.5701123,6.565
2,7,79,0,29528.01,221.5701123,6.565
2,7,17,0,12582.05,221.5701123,6.565
2,7,87,0,21443.18,221.5701123,6.565
2,7,22,0,11876.65,221.5701123,6.565
2,7,8,0,58155.92,221.5785461,6.565
2,7,16,0,29470.21,221.5785461,6.565
2,7,22,0,11423.75,221.5785461,6.565
2,7,1,0,23025.51,221.5785461,6.565
2,7,80,0,25071.28,221.5785461,6.565
2,8,4,0,48595.26,221.5869799,6.565
2,8,90,0,100980.78,221.5869799,6.565
2,8,79,0,39327.22,221.5869799,6.565
2,8,94,0,76125.64,221.5869799,6.565
2,8,80,0,27257.94,221.5869799,6.565
2,8,5,0,18214.94,221.5869799,6.565
2,8,25,0,12611.44,221.5954138,6.565
2,8,74,0,15614.39,221.5954138,6.565
2,8,23,0,32212.01,221.6751459,6.565
2,8,91,0,87363.99,221.6751459,6.565
2,8,25,0,14073.8,221.6751459,6.565
2,8,81,0,31002.52,221.6751459,6.565
2,8,72,0,69892.49,221.8083518,6.565
2,8,81,0,28245.04,221.8083518,6.565
2,8,95,0,137902.5,221.8083518,6.565
2,8,58,0,20550.0,221.8083518,6.565
2,8,94,0,71934.11,221.9415576,6.565
2,8,33,0,10169.41,221.9415576,6.565
2,8,2,0,72899.98,221.9415576,6.565
2,9,22,1,11284.18,222.0747635,6.565
2,9,81,1,32033.91,222.0747635,6.565
2,9,96,1,39417.56,222.0747635,6.565
2,9,58,1,22835.0,222.0747635,6.565
2,9,38,1,72382.28,222.0747635,6.565
2,9,9,1,42192.57,222.0747635,6.565
2,9,49,1,14038.05,222.0747635,6.565
2,9,82,0,24857.24,222.2174395,6.565
2,9,74,0,14724.8,222.2174395,6.565
