1,2,1,0,24924.5,211.0963582,8.106
1,2,93,0,64494.87,211.0963582,8.106
1,2,3,0,13740.12,211.0963582,8.106
1,2,98,0,10891.37,211.0963582,8.106
1,2,93,1,70202.02,211.2421698,8.106
1,2,40,1,60828.25,211.2421698,8.106
1,2,72,1,79636.32,211.2421698,8.106
1,2,81,0,28784.91,211.2891429,8.106
1,2,94,0,72212.32,211.2891429,8.106
1,2,91,0,63011.44,211.2891429,8.106
1,2,93,0,57630.02,211.3196429,8.106
1,2,25,0,10218.67,211.3196429,8.106
1,2,82,0,19023.33,211.3196429,8.106
1,2,11,0,17306.61,211.3196429,8.106
1,2,9,0,15175.52,211.3196429,8.106
1,2,72,0,55590.73,211.3196429,8.106
1,2,92,0,125048.08,211.3196429,8.106
1,3,25,0,10345.5,211.3501429,8.106
1,3,7,0,19659.7,211.3501429,8.106
1,3,11,0,19082.9,211.3501429,8.106
1,3,80,0,15680.71,211.3501429,8.106
1,3,12,0,10239.06,211.3501429,8.106
1,3,97,0,31197.12,211.3806429,8.106
1,3,5,0,21498.92,211.3806429,8.106
1,3,17,0,12793.17,211.3806429,8.106
1,3,23,0,17426.63,211.3806429,8.106
1,3,87,0,18911.79,211.3806429,8.106
1,3,56,0,11836.32,211.215635,8.106
1,3,55,0,14590.87,211.215635,8.106
1,3,25,0,12213.5,211.215635,8.106
1,3,46,0,18317.46,211.215635,8.106
1,3,8,0,34188.52,211.215635,8.106
1,3,94,0,59159.95,211.0180424,8.106
1,3,11,0,17592.13,211.0180424,8.106
1,3,12,0,11865.53,211.0180424,8.106
1,3,82,0,16479.16,211.0180424,8.106
1,4,3,0,11157.08,210.8204499,7.808
1,4,25,0,14964.5,210.8204499,7.808
1,4,10,0,31794.04,210.8204499,7.808
1,4,13,0,37638.44,210.6228574,7.808
1,4,2,0,46549.73,210.6228574,7.808
1,4,72,0,43346.92,210.6228574,7.808
1,4,46,0,17682.48,210.6228574,7.808
1,4,34,0,13632.64,210.4887,7.808
1,4,72,0,38711.22,210.4887,7.808
1,4,10,0,32134.61,210.4887,7.808
1,4,49,0,12738.26,210.4391228,7.808
1,4,23,0,19377.76,210.4391228,7.808
1,4,55,0,11082.83,210.4391228,7.808
1,4,56,0,13262.63,210.4391228,7.808
1,4,25,0,11435.6,210.3895456,7.808
1,4,23,0,18274.46,210.3895456,7.808
1,4,34,0,10679.49,210.3895456,7.808
1,4,40,0,57805.71,210.3895456,7.808
1,4,92,0,109579.6,210.3895456,7.808
1,5,14,0,14460.84,210.3399684,7.808
1,5,94,0,67595.65,210.3399684,7.808
1,5,2,0,47903.01,210.3399684,7.808
1,5,23,0,22172.27,210.3399684,7.808
1,5,8,0,35393.78,210.3399684,7.808
1,5,38,0,107634.21,210.3399684,7.808
1,5,95,0,120247.9,210.3374261,7.808
1,5,40,0,54394.6,210.3374261,7.808
1,5,8,0,33131.69,210.3374261,7.808
1,5,67,0,18715.88,210.3374261,7.808
1,5,2,0,44319.15,210.6170934,7.808
1,5,91,0,59289.04,210.6170934,7.808
1,5,40,0,53707.85,210.6170934,7.808
1,5,4,0,35571.47,210.6170934,7.808
1,5,79,0,30190.72,210.6170934,7.808
1,5,80,0,14381.02,210.6170934,7.808
1,5,4,0,36380.36,210.8967606,7.808
1,5,95,0,121902.19,210.8967606,7.808
1,5,98,0,10033.06,210.8967606,7.808
1,6,87,0,38128.15,211.1764278,7.808
1,6,92,0,126058.88,211.1764278,7.808
1,6,97,0,37297.1,211.4560951,7.808
1,6,87,0,34934.23,211.4560951,7.808
1,6,10,0,28149.18,211.4560951,7.808
1,6,49,0,11594.04,211.4560951,7.808
1,6,80,0,15898.96,211.4537719,7.808
1,6,1,0,16216.27,211.4537719,7.808
1,6,38,0,86860.94,211.4537719,7.808
1,6,5,0,19778.44,211.4537719,7.808
1,6,90,0,77651.52,211.4537719,7.808
1,6,79,0,29521.94,211.3386526,7.808
1,6,7,0,28912.18,211.3386526,7.808
1,6,12,0,10562.29,211.3386526,7.808
1,6,40,0,51298.1,211.3386526,7.808
1,6,91,0,56665.73,211.3386526,7.808
1,6,93,0,57418.46,211.3386526,7.808
1,7,92,0,42866.79,211.2235333,7.787
1,7,13,0,41214.94,211.2235333,7.787
1,7,12,0,11287.52,211.108414,7.787
1,7,13,0,41056.4,211.108414,7.787
1,7,4,0,39781.45,211.108414,7.787
1,7,14,0,13550.19,211.1003854,7.787
1,7,2,0,44339.2,211.1003854,7.787
1,7,14,0,11945.81,211.2351443,7.787
1,7,7,0,20029.1,211.2351443,7.787
1,7,2,0,44763.33,211.2351443,7.787
1,7,72,0,33638.52,211.2351443,7.787
1,7,16,0,24642.3,211.2351443,7.787
1,7,82,0,15881.65,211.3699032,7.787
1,7,40,0,52943.16,211.3699032,7.787
1,7,9,0,18959.82,211.3699032,7.787
1,7,46,0,18044.49,211.3699032,7.787
1,8,13,0,42038.03,211.5046621,7.787
1,8,82,0,18429.47,211.5046621,7.787
1,8,9,0,19224.82,211.5046621,7.787
1,8,95,0,131128.96,211.5046621,7.787
1,8,16,0,24218.72,211.5046621,7.787
1,8,97,0,37470.84,211.6394211,7.787
1,8,94,0,66025.47,211.6394211,7.787
1,8,79,0,30376.79,211.6394211,7.787
1,8,38,0,78915.6,211.6394211,7.787
1,8,10,0,31271.9,211.6394211,7.787
1,8,8,0,32249.35,211.6033633,7.787
1,8,24,0,17223.95,211.6033633,7.787
1,8,79,0,28801.37,211.6033633,7.787
1,8,96,0,28518.24,211.6033633,7.787
1,8,82,0,16702.11,211.6033633,7.787
1,8,34,0,10421.34,211.6033633,7.787
1,8,10,0,34848.72,211.6033633,7.787
1,8,4,0,36404.6,211.5673056,7.787
1,8,96,0,26519.68,211.5673056,7.787
1,8,7,0,16309.44,211.5673056,7.787
1,8,9,0,19860.51,211.5673056,7.787
1,8,81,0,27605.17,211.5673056,7.787
1,9,12,0,11239.43,211.5312479,7.787
1,9,3,1,12134.69,211.4951902,7.787
1,9,79,1,34512.69,211.4951902,7.787
1,9,7,1,20824.49,211.4951902,7.787
1,9,81,1,30035.78,211.4951902,7.787
1,9,96,0,25585.71,211.5224596,7.787
1,9,97,0,35442.67,211.5224596,7.787
1,9,5,0,15862.61,211.5224596,7.787
1,9,79,0,27292.08,211.5972246,7.787
1,9,7,0,18227.39,211.5972246,7.787
1,9,4,0,32497.43,211.5972246,7.787
1,10,91,0,57022.45,211.6719895,7.838
1,10,93,0,58034.24,211.6719895,7.838
1,10,10,0,29764.24,211.6719895,7.838
1,10,38,0,112126.81,211.6719895,7.838
1,10,5,0,23381.38,211.6719895,7.838
1,10,4,0,34912.45,211.6719895,7.838
1,10,23,0,22280.97,211.7467544,7.838
1,10,55,0,10294.64,211.7467544,7.838
1,10,2,0,46387.54,211.7467544,7.838
1,10,12,0,11031.93,211.8137436,7.838
1,10,46,0,16713.94,211.8137436,7.838
1,10,13,0,38749.62,211.8137436,7.838
1,10,7,0,16296.65,211.8137436,7.838
1,10,93,0,72397.15,211.8137436,7.838
1,10,5,0,20443.05,211.8137436,7.838
1,10,13,0,34712.4,211.8612937,7.838
1,10,5,0,19525.85,211.8612937,7.838
1,10,81,0,27483.45,211.8612937,7.838
1,10,10,0,26805.78,211.8612937,7.838
1,10,4,0,32902.26,211.8612937,7.838
1,10,82,0,20957.34,211.9088438,7.838
1,10,8,0,34917.77,211.9088438,7.838
1,11,9,0,48794.36,211.9563939,7.838
1,11,34,0,12338.25,211.9563939,7.838
1,11,82,0,21850.85,211.9563939,7.838
1,11,91,0,60344.73,211.9563939,7.838
1,11,2,0,46381.43,211.9563939,7.838
1,11,94,0,53352.96,211.9563939,7.838
1,11,7,0,21019.7,212.003944,7.838
1,11,93,0,77214.95,212.003944,7.838
1,11,81,0,29813.66,212.003944,7.838
1,11,4,0,35008.03,212.003944,7.838
1,11,38,0,82395.79,212.003944,7.838
1,11,93,0,79474.21,211.8896737,7.838
1,11,72,0,32072.93,211.8896737,7.838
1,11,38,0,73121.25,211.8896737,7.838
1,11,14,0,19788.98,211.8896737,7.838
1,11,90,1,91012.78,211.7484333,7.838
1,11,81,1,30448.4,211.7484333,7.838
1,11,34,1,17295.5,211.7484333,7.838
1,12,2,0,44405.02,211.607193,7.838
1,12,94,0,45989.26,211.607193,7.838
1,12,34,0,11624.3,211.607193,7.838
1,12,23,0,24834.59,211.607193,7.838
1,12,1,0,31497.65,211.4659526,7.838
1,12,96,0,26809.63,211.4659526,7.838
1,12,34,0,12446.8,211.4659526,7.838
1,12,81,0,28246.47,211.4659526,7.838
1,12,74,0,10331.13,211.4053124,7.838
1,12,95,0,116521.67,211.4053124,7.838
1,12,81,0,28357.4,211.4053124,7.838
1,12,2,0,49303.28,211.4053124,7.838
1,12,38,0,81069.74,211.4053124,7.838
1,12,7,0,166697.72,211.4051222,7.838
1,12,8,0,41864.0,211.4051222,7.838
1,12,79,0,33497.1,211.4051222,7.838
1,12,40,0,67450.08,211.4051222,7.838
1,12,82,0,63787.12,211.4051222,7.838
1,12,18,1,20783.04,211.4049321,7.838
1,12,8,1,32751.73,211.4049321,7.838
1,12,4,1,36913.8,211.4049321,7.838
1,12,14,1,21835.25,211.4049321,7.838
1,1,5,0,22699.69,211.4047419,7.742
1,1,97,0,35362.9,211.4047419,7.742
1,1,79,0,39984.6,211.4047419,7.742
1,1,4,0,37947.8,211.4047419,7.742
1,1,40,0,59221.57,211.4574109,7.742
1,1,72,0,35873.69,211.4574109,7.742
1,1,9,0,13215.27,211.4574109,7.742
1,1,79,0,30646.95,211.4574109,7.742
1,1,10,0,23058.41,211.4574109,7.742
1,1,94,0,54523.83,211.8272343,7.742
1,1,82,0,18115.39,211.8272343,7.742
1,1,46,0,15422.84,211.8272343,7.742
1,1,91,0,55962.78,212.1970577,7.742
1,1,3,0,11983.34,212.1970577,7.742
1,1,90,0,72861.66,212.1970577,7.742
1,1,4,0,32905.88,212.1970577,7.742
1,2,40,0,63996.04,212.5668812,7.742
1,2,87,0,66331.45,212.5668812,7.742
1,2,55,0,16056.11,212.5668812,7.742
1,2,82,0,22815.39,212.5668812,7.742
1,2,32,1,12996.54,212.9367046,7.742
1,2,81,1,29878.54,212.9367046,7.742
1,2,9,1,16065.13,212.9367046,7.742
1,2,79,1,36163.65,212.9367046,7.742
1,2,82,1,25005.25,212.9367046,7.742
1,2,9,0,21941.18,213.2478853,7.742
1,2,98,0,13337.39,213.2478853,7.742
1,2,49,0,16600.26,213.2478853,7.742
1,2,46,0,18879.72,213.535609,7.742
1,2,94,0,58180.35,213.535609,7.742
1,2,7,0,23811.23,213.535609,7.742
1,2,74,0,12719.21,213.535609,7.742
1,2,8,0,34195.37,213.535609,7.742
1,2,40,0,63509.85,213.535609,7.742
1,2,92,0,112865.16,213.535609,7.742
1,2,96,0,29752.67,213.535609,7.742
1,3,81,0,29470.75,213.8233327,7.742
1,3,46,0,21571.68,213.8233327,7.742
1,3,74,0,13398.75,213.8233327,7.742
1,3,3,0,11039.12,213.8233327,7.742
1,3,72,0,54450.94,213.8233327,7.742
1,3,10,0,31563.06,214.1110564,7.742
1,3,87,0,52972.21,214.1110564,7.742
1,3,2,0,48465.72,214.1110564,7.742
1,3,8,0,33301.63,214.3627114,7.742
1,3,14,0,14287.28,214.3627114,7.742
1,3,56,0,12804.39,214.3627114,7.742
1,3,4,0,34863.03,214.3627114,7.742
1,3,7,0,19958.0,214.5999389,7.742
1,3,10,0,42875.11,214.5999389,7.742
1,3,4,0,34813.12,214.5999389,7.742
1,3,91,0,59363.21,214.5999389,7.742
1,4,92,0,118903.28,214.8371664,7.682
1,4,97,0,32320.8,214.8371664,7.682
1,4,23,0,20704.87,214.8371664,7.682
1,4,94,0,66295.21,214.8371664,7.682
1,4,82,0,20437.22,214.8371664,7.682
1,4,79,0,38752.0,215.0743939,7.682
1,4,67,0,32563.54,215.0743939,7.682
1,4,81,0,31849.29,215.0743939,7.682
1,4,34,0,10312.07,215.0743939,7.682
1,4,92,0,132197.01,215.2918561,7.682
1,4,90,0,81817.98,215.2918561,7.682
1,4,95,0,126834.3,215.2918561,7.682
1,4,91,0,70117.63,215.2918561,7.682
1,4,25,0,10168.91,215.2918561,7.682
1,4,9,0,28657.31,215.4599053,7.682
1,4,14,0,12478.19,215.4599053,7.682
1,4,46,0,19453.55,215.4599053,7.682
1,4,25,0,10590.44,215.4599053,7.682
1,4,46,0,19268.86,215.6279544,7.682
1,4,98,0,11362.0,215.6279544,7.682
1,4,8,0,32827.42,215.6279544,7.682
1,5,74,0,10756.85,215.7960035,7.682
1,5,91,0,67932.66,215.7960035,7.682
1,5,7,0,19394.0,215.7960035,7.682
1,5,79,0,44271.49,215.7960035,7.682
1,5,74,0,11468.59,215.9640526,7.682
1,5,1,0,17235.15,215.9640526,7.682
1,5,25,0,10360.45,215.9640526,7.682
1,5,55,0,10183.87,215.9640526,7.682
1,5,82,0,17960.55,215.7339202,7.682
1,5,49,0,12269.91,215.7339202,7.682
1,5,92,0,115361.04,215.5037878,7.682
1,5,74,0,11548.4,215.5037878,7.682
1,5,23,0,21275.42,215.5037878,7.682
1,6,82,0,20885.95,215.2736553,7.682
1,6,10,0,35960.03,215.2736553,7.682
1,6,81,0,31054.35,215.2736553,7.682
1,6,40,0,57452.29,215.2736553,7.682
1,6,11,0,38594.85,215.2736553,7.682
1,6,16,0,38098.97,215.0435229,7.682
1,6,11,0,41413.29,215.0435229,7.682
1,6,46,0,20273.99,214.9980596,7.682
1,6,5,0,17861.56,214.9980596,7.682
1,6,1,0,14978.09,214.9980596,7.682
1,6,91,0,66982.05,214.9980596,7.682
1,6,72,0,36041.85,214.9980596,7.682
1,6,74,0,11751.46,214.9980596,7.682
1,6,72,0,36991.99,215.0910982,7.682
1,6,40,0,49621.61,215.0910982,7.682
1,6,16,0,31362.66,215.0910982,7.682
1,6,9,0,24385.11,215.0910982,7.682
1,7,40,0,54963.04,215.1841368,7.962
1,7,23,0,19484.78,215.1841368,7.962
1,7,97,0,39544.16,215.2771754,7.962
1,7,98,0,10753.17,215.2771754,7.962
1,7,38,0,81709.41,215.3611087,7.962
1,7,46,0,18825.83,215.3611087,7.962
1,7,2,0,43260.96,215.3611087,7.962
1,7,11,0,37603.73,215.3611087,7.962
1,7,90,0,80607.94,215.3611087,7.962
1,7,90,0,77007.16,215.4222784,7.962
1,7,23,0,17140.02,215.4222784,7.962
1,7,12,0,11641.86,215.4834482,7.962
1,7,16,0,19681.62,215.4834482,7.962
1,7,23,0,17790.7,215.4834482,7.962
1,8,97,0,37986.05,215.544618,7.962
1,8,16,0,21143.58,215.544618,7.962
1,8,95,0,138538.47,215.544618,7.962
1,8,81,0,30825.65,215.544618,7.962
1,8,49,0,14666.76,215.6057878,7.962
1,8,23,0,21142.51,215.6057878,7.962
1,8,16,0,17998.16,215.6057878,7.962
1,8,98,0,11003.31,215.6057878,7.962
1,8,79,0,29878.13,215.6057878,7.962
1,8,49,0,13037.99,215.6693107,7.962
1,8,82,0,17513.33,215.6693107,7.962
1,8,90,0,88820.61,215.6693107,7.962
1,8,16,0,15998.18,215.6693107,7.962
1,8,5,0,18643.51,215.6693107,7.962
1,8,97,0,38711.47,215.6693107,7.962
1,8,7,0,12116.03,215.7332258,7.962
1,8,46,0,17963.72,215.7332258,7.962
1,8,23,0,24851.96,215.7332258,7.962
1,8,74,0,13971.69,215.7332258,7.962
1,9,7,0,14564.8,215.7971409,7.962
1,9,46,0,18204.34,215.7971409,7.962
1,9,40,0,57323.34,215.7971409,7.962
1,9,3,0,19604.47,215.7971409,7.962
1,9,95,1,133762.77,215.861056,7.962
1,9,14,1,13550.53,215.861056,7.962
1,9,23,1,16403.15,215.861056,7.962
1,9,97,1,39703.09,215.861056,7.962
1,9,90,0,91983.47,216.0410526,7.962
1,9,16,0,13499.43,216.0410526,7.962
1,9,98,0,11911.48,216.0410526,7.962
1,9,7,0,14948.27,216.0410526,7.962
1,9,90,0,82602.09,216.3758246,7.962
1,9,46,0,15863.61,216.3758246,7.962
1,9,16,0,11831.25,216.7105965,7.962
1,9,49,0,11336.54,216.7105965,7.962
1,9,10,0,31036.88,216.7105965,7.962
1,9,11,0,18094.24,216.7105965,7.962
1,9,4,0,32830.81,216.7105965,7.962
1,10,82,0,19497.99,217.0453684,7.866
1,10,81,0,30444.53,217.0453684,7.866
1,10,38,0,67590.65,217.3552733,7.866
1,10,82,0,18170.02,217.3552733,7.866
1,10,16,0,10030.59,217.3552733,7.866
1,10,1,0,23077.55,217.3552733,7.866
1,10,81,0,29527.29,217.3552733,7.866
1,10,7,0,24664.06,217.5159762,7.866
1,10,23,0,20272.49,217.5159762,7.866
1,10,5,0,32700.34,217.5159762,7.866
1,10,8,0,34429.75,217.6766791,7.866
1,10,1,0,31579.9,217.6766791,7.866
1,11,55,0,12682.1,217.837382,7.866
1,11,98,0,13026.08,217.837382,7.866
1,11,80,0,17737.56,217.837382,7.866
1,11,46,0,19041.07,217.837382,7.866
1,11,79,0,42665.35,217.837382,7.866
1,11,91,0,67041.24,217.9980849,7.866
1,11,8,0,34003.52,217.9980849,7.866
1,11,79,0,31898.63,217.9980849,7.866
1,11,40,0,58511.53,217.9980849,7.866
1,11,25,0,10417.72,217.9980849,7.866
1,11,90,0,92964.97,217.9980849,7.866
1,11,1,0,19050.66,218.2205088,7.866
1,11,7,0,21953.16,218.2205088,7.866
1,11,23,1,31848.99,218.4676211,7.866
1,11,8,1,33243.85,218.4676211,7.866
1,11,10,1,30877.51,218.4676211,7.866
1,11,13,1,38625.48,218.4676211,7.866
1,11,4,1,46564.14,218.4676211,7.866
1,12,92,0,128135.6,218.7147333,7.866
1,12,9,0,23042.52,218.7147333,7.866
1,12,97,0,30023.13,218.7147333,7.866
1,12,13,0,37507.93,218.7147333,7.866
1,12,80,0,16633.66,218.7147333,7.866
1,12,17,0,10484.57,218.9618456,7.866
1,12,79,0,37340.34,218.9618456,7.866
1,12,13,0,36404.7,218.9618456,7.866
1,12,2,0,49357.43,218.9618456,7.866
1,12,92,0,173805.71,219.1794533,7.866
1,12,79,0,33041.49,219.1794533,7.866
1,12,92,0,194839.6,219.3577216,7.866
1,12,40,0,63663.51,219.3577216,7.866
1,12,49,1,12877.44,219.5359898,7.866
1,12,4,1,37371.22,219.5359898,7.866
1,12,9,1,27192.39,219.5359898,7.866
1,1,4,0,40925.76,219.7142581,7.348
1,1,90,0,91629.16,219.7142581,7.348
1,1,9,0,20705.21,219.7142581,7.348
1,1,91,0,72876.82,219.8925263,7.348
1,1,10,0,23995.69,219.8925263,7.348
1,1,80,0,17716.26,219.8925263,7.348
1,1,3,0,13822.49,219.8925263,7.348
1,1,98,0,11706.34,219.8925263,7.348
1,1,7,0,10189.61,219.9856893,7.348
1,1,79,0,31186.0,219.9856893,7.348
1,1,72,0,37526.8,219.9856893,7.348
1,1,40,0,57819.87,219.9856893,7.348
1,1,2,0,41556.23,220.0788523,7.348
1,1,5,0,21376.42,220.0788523,7.348
1,1,92,0,128946.7,220.0788523,7.348
1,1,94,0,58956.82,220.0788523,7.348
1,1,98,0,10648.56,220.0788523,7.348
1,2,5,0,28307.43,220.1720153,7.348
1,2,98,0,13364.03,220.1720153,7.348
1,2,79,0,47522.61,220.1720153,7.348
1,2,34,0,10085.87,220.1720153,7.348
1,2,2,1,50581.06,220.2651783,7.348
1,2,72,1,98104.8,220.2651783,7.348
1,2,4,1,39305.13,220.2651783,7.348
1,2,3,1,12388.85,220.2651783,7.348
1,2,90,1,91393.85,220.2651783,7.348
1,2,87,1,62168.8,220.2651783,7.348
1,2,95,0,119807.63,220.4257586,7.348
1,2,79,0,36855.68,220.4257586,7.348
1,2,5,0,46219.96,220.4257586,7.348
1,2,1,0,54060.1,220.4257586,7.348
1,2,14,0,21324.12,220.4257586,7.348
1,2,94,0,85110.74,220.4257586,7.348
1,2,22,0,10815.19,220.4257586,7.348
1,2,94,0,58256.37,220.636902,7.348
1,2,12,0,11284.27,220.636902,7.348
1,2,93,0,67829.2,220.636902,7.348
1,2,80,0,18321.35,220.636902,7.348
1,3,55,0,13570.7,220.8480454,7.348
1,3,95,0,118406.27,220.8480454,7.348
1,3,1,0,20113.03,220.8480454,7.348
1,3,23,0,22257.51,220.8480454,7.348
1,3,87,0,63903.03,220.8480454,7.348
1,3,91,0,71905.65,221.0591887,7.348
1,3,23,0,21179.12,221.0591887,7.348
1,3,74,0,13075.77,221.0591887,7.348
1,3,4,0,38125.32,221.2118132,7.348
1,3,16,0,44960.02,221.2118132,7.348
1,3,79,0,32723.28,221.2118132,7.348
1,3,96,0,35774.76,221.2118132,7.348
1,3,2,0,44796.03,221.2864126,7.348
1,3,25,0,11387.52,221.2864126,7.348
1,3,95,0,117030.73,221.2864126,7.348
1,3,82,0,19431.9,221.2864126,7.348
1,3,93,0,66710.4,221.2864126,7.348
1,3,72,0,44132.05,221.2864126,7.348
1,3,72,0,45350.26,221.3610119,7.348
1,3,5,0,22392.09,221.3610119,7.348
1,3,81,0,32059.57,221.3610119,7.348
1,3,11,0,25231.25,221.3610119,7.348
1,4,25,0,14732.09,221.4356112,7.143
1,4,80,0,20158.89,221.5102105,7.143
1,4,16,0,42816.54,221.5640737,7.143
1,4,97,0,34402.49,221.5640737,7.143
1,4,38,0,74827.84,221.5640737,7.143
1,4,93,0,66850.39,221.6179368,7.143
1,4,97,0,32306.41,221.6179368,7.143
1,4,46,0,19540.47,221.6179368,7.143
1,4,81,0,30244.48,221.6179368,7.143
1,4,82,0,18406.59,221.6179368,7.143
1,4,38,0,66399.89,221.6179368,7.143
1,5,25,0,13530.43,221.6718,7.143
1,5,23,0,21973.08,221.6718,7.143
1,5,13,0,43561.17,221.6718,7.143
1,5,40,0,57434.64,221.7256632,7.143
1,5,10,0,32271.72,221.7256632,7.143
1,5,5,0,17277.63,221.7256632,7.143
1,5,7,0,19180.11,221.742674,7.143
1,5,74,0,12678.33,221.742674,7.143
1,5,2,0,45817.07,221.744944,7.143
1,5,14,0,14186.59,221.744944,7.143
1,5,5,0,18625.67,221.744944,7.143
1,5,23,0,20778.32,221.744944,7.143
1,6,96,0,43156.77,221.7472139,7.143
1,6,1,0,16065.49,221.7472139,7.143
1,6,34,0,15369.77,221.7472139,7.143
1,6,82,0,20121.63,221.7494839,7.143
1,6,5,0,24752.99,221.7494839,7.143
1,6,7,0,30052.56,221.7494839,7.143
1,6,8,0,40236.23,221.7494839,7.143
1,6,98,0,11737.35,221.7494839,7.143
1,6,23,0,24836.02,221.7626421,7.143
1,6,90,0,92172.43,221.7626421,7.143
1,6,38,0,69071.96,221.7626421,7.143
1,6,97,0,33754.43,221.8030211,7.143
1,6,8,0,37693.88,221.8030211,7.143
1,6,38,0,73529.71,221.8030211,7.143
1,6,79,0,30684.35,221.8030211,7.143
1,6,46,0,20492.7,221.8434,7.143
1,6,93,0,66443.41,221.8434,7.143
1,7,4,0,44936.96,221.8837789,6.908
1,7,7,0,27364.96,221.8837789,6.908
1,7,91,0,76603.53,221.8837789,6.908
1,7,42,0,10220.35,221.8837789,6.908
1,7,4,0,38073.91,221.9241579,6.908
1,7,13,0,39276.05,221.9241579,6.908
1,7,74,0,13633.58,221.9241579,6.908
1,7,82,0,19445.79,221.9241579,6.908
1,7,7,0,18427.17,221.9241579,6.908
1,7,2,0,45108.22,221.9327267,6.908
1,7,46,0,18376.23,221.9327267,6.908
1,7,16,0,24017.03,221.9327267,6.908
1,7,92,0,134590.45,221.9327267,6.908
1,7,46,0,17318.91,221.9412954,6.908
1,7,95,0,121030.79,221.9412954,6.908
1,7,40,0,53286.98,221.9412954,6.908
1,7,12,0,11109.25,221.9412954,6.908
1,7,72,0,34394.82,221.9412954,6.908
1,7,92,0,123464.47,221.9412954,6.908
1,8,98,0,10781.49,221.9498642,6.908
1,8,80,0,19943.02,221.9498642,6.908
1,8,11,0,27759.99,221.9498642,6.908
1,8,13,0,42241.23,221.9584329,6.908
1,8,38,0,74483.32,221.9584329,6.908
1,8,2,0,46729.91,221.9584329,6.908
1,8,81,0,31933.13,221.9584329,6.908
1,8,8,0,37269.92,221.9584329,6.908
1,8,11,0,24145.93,221.9584329,6.908
1,8,97,0,38837.77,222.0384109,6.908
1,8,98,0,12271.6,222.0384109,6.908
1,8,96,0,38565.16,222.0384109,6.908
1,8,10,0,29723.55,222.0384109,6.908
1,8,46,0,18300.93,222.0384109,6.908
1,8,4,0,36674.67,222.1719457,6.908
1,8,5,0,22446.23,222.1719457,6.908
1,8,10,0,27884.19,222.1719457,6.908
1,8,96,0,33705.41,222.1719457,6.908
1,8,82,0,19415.99,222.1719457,6.908
1,8,94,0,62779.63,222.3054805,6.908
1,8,90,0,85644.62,222.3054805,6.908
1,9,14,1,13711.08,222.4390153,6.908
1,9,38,1,70644.8,222.4390153,6.908
1,9,3,1,18368.51,222.4390153,6.908
1,9,95,1,140657.4,222.4390153,6.908
1,9,16,1,20473.94,222.4390153,6.908
1,9,38,0,82186.59,222.5820193,6.908
1,9,16,0,14646.37,222.5820193,6.908
1,9,94,0,64491.29,222.5820193,6.908
1,9,97,0,39216.22,222.5820193,6.908
1,9,81,0,29554.46,222.7818386,6.908
1,9,1,0,19251.5,222.7818386,6.908
1,9,98,0,11034.2,222.7818386,6.908
1,9,23,0,14731.92,222.9816579,6.908
1,9,11,0,17242.78,222.9816579,6.908
1,9,1,0,18947.81,222.9816579,6.908
1,9,98,0,10857.27,222.9816579,6.908
1,9,81,0,27934.47,222.9816579,6.908
1,9,80,0,17848.52,222.9816579,6.908
1,10,96,0,33154.23,223.1814772,6.573
1,10,91,0,69193.16,223.1814772,6.573
1,10,40,0,63639.01,223.1814772,6.573
1,10,4,0,39311.93,223.1814772,6.573
1,10,98,0,13434.95,223.1814772,6.573
1,10,2,0,42112.67,223.3812965,6.573
1,10,80,0,20014.24,223.3812965,6.573
1,10,25,0,10485.04,223.3812965,6.573
1,10,98,0,12861.92,223.3812965,6.573
1,10,4,0,35549.19,223.4257233,6.573
1,10,40,0,56386.37,223.4257233,6.573
1,10,93,0,75214.29,223.4257233,6.573
1,10,23,0,17191.96,223.4257233,6.573
1,10,94,0,60278.73,223.4442513,6.573
1,10,55,0,10200.84,223.4442513,6.573
1,10,98,0,12702.86,223.4442513,6.573
1,10,10,0,26285.27,223.4442513,6.573
1,10,97,0,32830.52,223.4442513,6.573
1,10,9,0,41040.84,223.4442513,6.573
1,10,95,0,117375.38,223.4442513,6.573
2,2,49,0,15767.0,210.7526053,8.324
2,2,2,0,74661.16,210.7526053,8.324
2,2,8,0,69634.8,210.7526053,8.324
2,2,72,0,119609.83,210.7526053,8.324
2,2,97,0,41686.06,210.7526053,8.324
2,2,49,1,15567.51,210.8979935,8.324
2,2,5,1,37978.19,210.8979935,8.324
2,2,72,1,109918.31,210.8979935,8.324
2,2,10,1,37984.44,210.8979935,8.324
2,2,95,0,136044.84,210.9451605,8.324
2,2,38,0,93181.36,210.9451605,8.324
2,2,67,0,24871.53,210.9451605,8.324
2,2,10,0,41137.74,210.9759573,8.324
2,2,55,0,14907.51,210.9759573,8.324
2,2,96,0,27284.02,210.9759573,8.324
2,2,87,0,24085.9,210.9759573,8.324
2,3,17,0,16338.14,211.0067542,8.324
2,3,96,0,29584.45,211.0067542,8.324
2,3,10,0,39883.5,211.0067542,8.324
2,3,79,0,44780.46,211.0067542,8.324
2,3,14,0,24936.9,211.0067542,8.324
2,3,87,0,29758.29,211.0067542,8.324
2,3,55,0,15770.26,211.0067542,8.324
2,3,8,0,63800.16,211.037551,8.324
2,3,11,0,20672.91,211.037551,8.324
2,3,4,0,42489.21,211.037551,8.324
2,3,14,0,19373.8,211.037551,8.324
2,3,55,0,18360.91,211.037551,8.324
2,3,7,0,33700.33,210.8733316,8.324
2,3,40,0,83065.51,210.8733316,8.324
2,3,38,0,98552.33,210.8733316,8.324
2,3,34,0,20021.66,210.8733316,8.324
2,3,74,0,18825.6,210.8733316,8.324
2,3,80,0,26736.15,210.8733316,8.324
2,3,58,0,22231.0,210.6766095,8.324
2,3,74,0,15309.67,210.6766095,8.324
2,3,46,0,26035.14,210.6766095,8.324
2,3,13,0,43150.33,210.6766095,8.324
2,3,14,0,18939.91,210.6766095,8.324
2,4,94,0,76390.64,210.4798874,8.2
2,4,95,0,142926.98,210.4798874,8.2
2,4,25,0,20982.5,210.4798874,8.2
2,4,11,0,21841.98,210.4798874,8.2
2,4,46,0,30086.87,210.4798874,8.2
2,4,98,0,17738.22,210.2831653,8.2
2,4,22,0,10361.36,210.2831653,8.2
2,4,74,0,15751.94,210.2831653,8.2
2,4,16,0,58887.31,210.2831653,8.2
2,4,18,0,12103.12,210.2831653,8.2
2,4,93,0,67084.05,210.2831653,8.2
2,4,46,0,28322.49,210.2831653,8.2
2,4,74,0,13888.86,210.1495463,8.2
2,4,93,0,65629.73,210.1495463,8.2
2,4,92,0,150349.3,210.1495463,8.2
2,4,21,0,10197.11,210.1495463,8.2
2,4,91,0,81266.92,210.1495463,8.2
2,4,26,0,12512.55,210.1495463,8.2
2,4,7,0,26686.75,210.1000648,8.2
2,4,11,0,19303.76,210.1000648,8.2
2,4,81,0,31442.16,210.1000648,8.2
2,4,32,0,10153.04,210.1000648,8.2
2,4,7,0,29456.07,210.0505833,8.2
2,4,58,0,22136.0,210.0505833,8.2
2,4,82,0,18581.87,210.0505833,8.2
2,4,91,0,75648.29,210.0505833,8.2
2,4,4,0,42829.7,210.0505833,8.2
2,5,6,0,12981.17,210.0011018,8.2
2,5,26,0,11039.88,210.0011018,8.2
2,5,80,0,26249.99,210.0011018,8.2
2,5,7,0,36761.04,210.0011018,8.2
2,5,5,0,21447.79,209.9984585,8.2
2,5,94,0,88601.28,209.9984585,8.2
2,5,74,0,14333.04,209.9984585,8.2
2,5,6,0,11850.07,209.9984585,8.2
2,5,81,0,31031.38,209.9984585,8.2
2,5,13,0,44535.87,209.9984585,8.2
2,5,40,0,78375.85,210.2768443,8.2
2,5,16,0,46300.64,210.2768443,8.2
2,5,34,0,23372.97,210.2768443,8.2
2,5,12,0,10116.84,210.2768443,8.2
2,5,95,0,151422.92,210.2768443,8.2
2,5,1,0,22689.01,210.2768443,8.2
2,5,90,0,88576.84,210.5552301,8.2
2,5,58,0,24376.0,210.5552301,8.2
2,5,4,0,49046.81,210.5552301,8.2
2,5,91,0,76143.22,210.5552301,8.2
2,6,90,0,90077.68,210.833616,8.2
2,6,36,0,10937.0,210.833616,8.2
2,6,11,0,36172.11,210.833616,8.2
2,6,8,0,61463.29,210.833616,8.2
2,6,58,0,26851.0,211.1120018,8.2
2,6,80,0,28832.56,211.1120018,8.2
2,6,74,0,18929.32,211.1120018,8.2
2,6,81,0,33801.49,211.1120018,8.2
2,6,95,0,165917.07,211.1120018,8.2
2,6,93,0,69711.77,211.1096543,8.2
2,6,79,0,31962.46,211.1096543,8.2
2,6,72,0,57890.49,210.9950134,8.2
2,6,49,0,15724.15,210.9950134,8.2
2,6,79,0,32765.15,210.9950134,8.2
2,6,91,0,78204.47,210.9950134,8.2
2,6,97,0,39000.76,210.9950134,8.2
2,7,87,0,33849.49,210.8803726,8.099
2,7,93,0,72257.72,210.8803726,8.099
2,7,80,0,28179.57,210.8803726,8.099
2,7,55,0,13549.23,210.8803726,8.099
2,7,32,0,10587.23,210.8803726,8.099
2,7,92,0,153473.23,210.8803726,8.099
2,7,38,0,81926.84,210.7657317,8.099
2,7,4,0,47787.07,210.7657317,8.099
2,7,40,0,73455.17,210.7657317,8.099
2,7,97,0,44758.17,210.7657317,8.099
2,7,91,0,84409.88,210.7657317,8.099
2,7,22,0,11140.59,210.7577954,8.099
2,7,72,0,56183.73,210.7577954,8.099
2,7,55,0,11316.67,210.7577954,8.099
2,7,8,0,57622.55,210.7577954,8.099
2,7,46,0,27785.25,210.8921319,8.099
2,7,97,0,37520.52,210.8921319,8.099
2,7,72,0,51301.04,210.8921319,8.099
2,7,5,0,22236.84,210.8921319,8.099
2,7,40,0,73673.65,210.8921319,8.099
2,7,4,0,44645.34,210.8921319,8.099
2,7,82,0,20848.27,211.0264684,8.099
2,7,81,0,30664.38,211.0264684,8.099
2,7,40,0,75145.76,211.0264684,8.099
2,7,74,0,16289.1,211.0264684,8.099
2,7,17,0,11584.95,211.0264684,8.099
2,7,10,0,40738.99,211.0264684,8.099
2,7,91,0,75475.37,211.0264684,8.099
2,8,46,0,26997.66,211.1608049,8.099
2,8,7,0,29730.29,211.1608049,8.099
2,8,96,0,36622.98,211.1608049,8.099
2,8,8,0,58947.32,211.1608049,8.099
2,8,58,0,24417.0,211.1608049,8.099
2,8,46,0,25660.0,211.2951413,8.099
2,8,34,0,18188.07,211.2951413,8.099
2,8,40,0,72454.87,211.2951413,8.099
2,8,8,0,52832.4,211.2951413,8.099
2,8,79,0,31411.35,211.2951413,8.099
2,8,80,0,26815.72,211.2951413,8.099
2,8,91,0,86554.69,211.2951413,8.099
2,8,9,0,34715.57,211.2596586,8.099
2,8,10,0,40518.55,211.2596586,8.099
2,8,24,0,24084.77,211.2596586,8.099
2,8,46,0,25632.35,211.2596586,8.099
2,8,92,0,147664.3,211.2596586,8.099
2,8,22,0,10644.22,211.2596586,8.099
2,8,93,0,56305.66,211.2241759,8.099
2,8,31,0,11830.25,211.2241759,8.099
2,8,4,0,45934.74,211.2241759,8.099
2,8,40,0,70850.91,211.2241759,8.099
2,9,90,0,97853.43,211.1886931,8.099
2,9,8,0,58793.43,211.1886931,8.099
2,9,40,0,81729.86,211.1886931,8.099
2,9,97,0,42644.18,211.1886931,8.099
2,9,81,0,31517.02,211.1886931,8.099
2,9,8,1,56459.59,211.1532104,8.099
2,9,23,1,20399.29,211.1532104,8.099
2,9,92,1,159630.1,211.1532104,8.099
2,9,79,1,33913.42,211.1532104,8.099
2,9,98,1,13519.12,211.1532104,8.099
2,9,7,1,30132.5,211.1532104,8.099
2,9,5,0,21767.57,211.1806415,8.099
2,9,34,0,14321.32,211.1806415,8.099
2,9,80,0,25875.55,211.2552578,8.099
2,9,91,0,75974.79,211.2552578,8.099
2,9,93,0,58401.63,211.2552578,8.099
2,10,87,0,35362.84,211.3298742,8.163
2,10,3,0,12390.87,211.3298742,8.163
2,10,25,0,13783.66,211.3298742,8.163
2,10,95,0,137781.63,211.3298742,8.163
2,10,79,0,31881.2,211.3298742,8.163
2,10,11,0,19715.97,211.3298742,8.163
2,10,25,0,14718.65,211.4044906,8.163
2,10,80,0,25097.45,211.4044906,8.163
2,10,67,0,10930.2,211.4044906,8.163
2,10,13,0,49015.78,211.4044906,8.163
2,10,2,0,63597.23,211.4713286,8.163
2,10,87,0,23752.15,211.4713286,8.163
2,10,3,0,11490.78,211.4713286,8.163
2,10,72,0,46347.08,211.4713286,8.163
2,10,46,0,24876.72,211.4713286,8.163
2,10,49,0,14940.94,211.4713286,8.163
2,10,3,0,11462.89,211.5187208,8.163
2,10,49,0,11369.97,211.5187208,8.163
2,10,7,0,26656.18,211.5187208,8.163
2,10,2,0,63125.76,211.5661131,8.163
2,10,96,0,33476.11,211.5661131,8.163
2,10,8,0,57667.62,211.5661131,8.163
2,10,94,0,58827.52,211.5661131,8.163
2,10,17,0,11703.28,211.5661131,8.163
2,10,4,0,44921.82,211.5661131,8.163
2,10,7,0,27622.15,211.5661131,8.163
2,11,26,0,13031.34,211.6135053,8.163
2,11,74,0,16277.41,211.6135053,8.163
2,11,1,0,46198.84,211.6135053,8.163
2,11,81,0,31223.48,211.6135053,8.163
2,11,10,0,38289.5,211.6135053,8.163
2,11,91,0,80115.03,211.6135053,8.163
2,11,11,0,23387.77,211.6608975,8.163
2,11,14,0,18895.4,211.6608975,8.163
2,11,2,0,65120.69,211.5470304,8.163
2,11,91,0,83915.31,211.5470304,8.163
2,11,82,1,30741.37,211.4062867,8.163
2,11,7,1,140648.34,211.4062867,8.163
2,11,34,1,24333.06,211.4062867,8.163
2,11,58,1,28909.0,211.4062867,8.163
2,12,46,0,30911.13,211.265543,8.163
2,12,10,0,30806.12,211.265543,8.163
2,12,11,0,29507.27,211.265543,8.163
2,12,95,0,123132.52,211.265543,8.163
2,12,3,0,15463.76,211.265543,8.163
2,12,79,0,32693.22,211.1247993,8.163
2,12,80,0,27342.43,211.1247993,8.163
2,12,1,0,44451.34,211.1247993,8.163
2,12,97,0,43521.46,211.1247993,8.163
2,12,95,0,143364.68,211.1247993,8.163
2,12,26,0,16014.39,211.1247993,8.163
2,12,24,0,18880.73,211.0645458,8.163
2,12,18,0,52321.19,211.0645458,8.163
2,12,2,0,74559.82,211.0645458,8.163
2,12,8,0,65005.26,211.0645458,8.163
2,12,82,0,105272.74,211.0646599,8.163
2,12,46,0,77301.55,211.0646599,8.163
2,12,14,0,76486.63,211.0646599,8.163
2,12,33,0,18419.73,211.0646599,8.163
2,12,1,0,82523.73,211.0646599,8.163
2,12,8,0,74917.03,211.0646599,8.163
2,12,26,0,19679.04,211.0646599,8.163
2,12,2,1,55375.52,211.064774,8.163
2,12,38,1,81053.52,211.064774,8.163
2,12,46,1,36675.64,211.064774,8.163
2,1,23,0,22442.3,211.0648881,8.028
2,1,79,0,37243.61,211.0648881,8.028
2,1,46,0,25721.04,211.0648881,8.028
2,1,17,0,11669.55,211.0648881,8.028
2,1,25,0,13163.69,211.1176713,8.028
2,1,79,0,28283.58,211.1176713,8.028
2,1,96,0,28505.23,211.1176713,8.028
2,1,90,0,98242.51,211.4864691,8.028
2,1,1,0,23088.16,211.4864691,8.028
2,1,22,0,12562.86,211.4864691,8.028
2,1,72,0,71397.8,211.4864691,8.028
2,1,32,0,10452.8,211.8552668,8.028
2,1,34,0,12050.03,211.8552668,8.028
2,1,98,0,12423.64,211.8552668,8.028
2,1,93,0,57838.48,211.8552668,8.028
2,1,5,0,27754.2,211.8552668,8.028
2,1,79,0,30499.96,211.8552668,8.028
2,2,92,0,183304.87,212.2240646,8.028
2,2,9,0,23075.18,212.2240646,8.028
2,2,98,0,12539.44,212.2240646,8.028
2,2,22,0,17758.1,212.2240646,8.028
2,2,96,0,33330.86,212.2240646,8.028
2,2,74,1,19186.03,212.5928624,8.028
2,2,2,1,70619.64,212.5928624,8.028
2,2,22,1,17697.6,212.5928624,8.028
2,2,13,1,49051.22,212.5928624,8.028
2,2,16,1,12075.76,212.5928624,8.028
2,2,95,0,134010.42,212.9033115,8.028
2,2,25,0,16128.24,212.9033115,8.028
2,2,96,0,30502.43,212.9033115,8.028
2,2,90,0,93696.04,212.9033115,8.028
2,2,9,0,29900.47,213.190421,8.028
2,2,22,0,13562.47,213.190421,8.028
2,2,5,0,31959.91,213.190421,8.028
2,2,23,0,26395.39,213.190421,8.028
2,2,32,0,10272.3,213.190421,8.028
2,3,21,0,10740.44,213.4775305,8.028
2,3,74,0,19890.03,213.4775305,8.028
2,3,34,0,18482.52,213.4775305,8.028
2,3,87,0,20048.72,213.7646401,8.028
2,3,72,0,85165.47,213.7646401,8.028
2,3,17,0,14421.53,213.7646401,8.028
2,3,56,0,10177.03,213.7646401,8.028
2,3,13,0,44920.74,213.7646401,8.028
2,3,22,0,15905.92,213.7646401,8.028
2,3,16,0,25803.25,213.7646401,8.028
2,3,94,0,67967.57,213.7646401,8.028
2,3,58,0,19753.0,214.0156238,8.028
2,3,96,0,32369.7,214.0156238,8.028
2,3,49,0,17583.63,214.0156238,8.028
2,3,13,0,45372.02,214.0156238,8.028
2,3,80,0,27532.06,214.0156238,8.028
2,3,94,0,70702.89,214.0156238,8.028
2,3,74,0,13933.05,214.2521573,8.028
2,3,25,0,15395.9,214.2521573,8.028
2,3,98,0,12805.67,214.2521573,8.028
2,3,93,0,64424.69,214.2521573,8.028
2,4,40,0,77820.37,214.4886908,7.931
2,4,25,0,14044.3,214.4886908,7.931
2,4,16,0,40585.79,214.4886908,7.931
2,4,90,0,89736.26,214.4886908,7.931
2,4,8,0,57518.97,214.4886908,7.931
2,4,81,0,32018.15,214.7252242,7.931
2,4,10,0,38211.58,214.7252242,7.931
2,4,91,0,82288.05,214.7252242,7.931
2,4,93,0,70085.0,214.7252242,7.931
2,4,95,0,137776.4,214.7252242,7.931
2,4,96,0,31224.38,214.9420631,7.931
2,4,3,0,11079.28,214.9420631,7.931
2,4,5,0,26829.78,214.9420631,7.931
2,4,97,0,41785.88,214.9420631,7.931
2,4,23,0,24445.53,214.9420631,7.931
2,4,82,0,21057.71,214.9420631,7.931
2,4,92,0,161800.16,214.9420631,7.931
2,4,25,0,15511.25,215.1096657,7.931
2,4,23,0,24774.7,215.1096657,7.931
2,4,11,0,17500.03,215.1096657,7.931
2,4,1,0,72065.08,215.1096657,7.931
2,4,94,0,76850.25,215.1096657,7.931
2,4,8,0,54000.05,215.2772683,7.931
2,5,25,0,13757.13,215.4448709,7.931
2,5,72,0,48474.75,215.4448709,7.931
2,5,82,0,22328.87,215.4448709,7.931
2,5,8,0,58734.39,215.4448709,7.931
2,5,93,0,73555.24,215.6124735,7.931
2,5,79,0,31654.19,215.6124735,7.931
2,5,1,0,22484.33,215.6124735,7.931
2,5,97,0,42993.19,215.6124735,7.931
2,5,7,0,31771.61,215.6124735,7.931
2,5,3,0,11231.21,215.6124735,7.931
2,5,8,0,56896.87,215.3834778,7.931
2,5,94,0,70501.14,215.3834778,7.931
2,5,1,0,21334.34,215.1544822,7.931
2,5,90,0,92864.02,215.1544822,7.931
2,5,72,0,59856.46,215.1544822,7.931
2,5,80,0,25205.85,215.1544822,7.931
2,5,97,0,41392.99,215.1544822,7.931
2,5,3,0,10729.48,215.1544822,7.931
2,6,10,0,40891.25,214.9254865,7.931
2,6,72,0,59851.42,214.9254865,7.931
2,6,90,0,93348.28,214.9254865,7.931
2,6,96,0,40232.35,214.9254865,7.931
2,6,87,0,25341.9,214.6964908,7.931
2,6,79,0,33577.51,214.6964908,7.931
2,6,7,0,48319.84,214.6964908,7.931
2,6,3,0,10424.01,214.6964908,7.931
2,6,14,0,17394.06,214.6964908,7.931
2,6,55,0,11121.33,214.6964908,7.931
2,6,92,0,154415.51,214.6513538,7.931
2,6,11,0,35848.37,214.6513538,7.931
2,6,46,0,32193.28,214.6513538,7.931
2,6,16,0,41742.56,214.7441108,7.931
2,6,91,0,75383.8,214.7441108,7.931
2,6,95,0,143215.23,214.7441108,7.931
2,6,38,0,82452.18,214.7441108,7.931
2,6,74,0,14168.45,214.7441108,7.931
2,6,10,0,41028.02,214.7441108,7.931
2,7,97,0,42863.84,214.8368678,7.852
2,7,72,0,48752.68,214.8368678,7.852
2,7,9,0,37627.65,214.8368678,7.852
2,7,1,0,21706.59,214.8368678,7.852
2,7,13,0,42815.86,214.8368678,7.852
2,7,94,0,73304.32,214.8368678,7.852
2,7,58,0,22474.97,214.9296249,7.852
2,7,87,0,24501.45,214.9296249,7.852
2,7,11,0,32248.34,214.9296249,7.852
2,7,94,0,73691.72,214.9296249,7.852
2,7,82,0,21841.44,214.9296249,7.852
2,7,16,0,32239.86,215.0134426,7.852
2,7,92,0,153783.12,215.0134426,7.852
2,7,25,0,13131.18,215.0134426,7.852
2,7,81,0,28865.2,215.0134426,7.852
2,7,91,0,83420.5,215.0134426,7.852
2,7,22,0,10723.28,215.0134426,7.852
2,7,1,0,20456.83,215.0749122,7.852
2,7,91,0,78678.21,215.0749122,7.852
2,7,34,0,16557.95,215.0749122,7.852
2,7,96,0,33041.02,215.0749122,7.852
2,7,46,0,26690.82,215.0749122,7.852
2,7,96,0,31662.1,215.1363819,7.852
2,7,5,0,19561.58,215.1363819,7.852
2,7,14,0,15194.01,215.1363819,7.852
2,7,46,0,26358.33,215.1363819,7.852
2,8,5,0,24415.55,215.1978515,7.852
2,8,10,0,43471.34,215.1978515,7.852
2,8,23,0,28273.74,215.2593211,7.852
2,8,4,0,45898.36,215.2593211,7.852
2,8,7,0,26449.07,215.2593211,7.852
2,8,80,0,26188.05,215.2593211,7.852
2,8,10,0,37187.7,215.2593211,7.852
2,8,58,0,16500.0,215.3229307,7.852
2,8,16,0,19526.92,215.3229307,7.852
2,8,23,0,34842.33,215.3229307,7.852
2,8,92,0,153827.25,215.3229307,7.852
2,8,4,0,48759.46,215.3229307,7.852
2,8,14,0,16320.3,215.3229307,7.852
2,8,94,0,73448.41,215.3229307,7.852
2,8,31,0,10301.51,215.386897,7.852
2,8,79,0,29348.76,215.386897,7.852
2,8,24,0,18995.15,215.386897,7.852
2,8,5,0,19545.59,215.386897,7.852
2,8,22,0,10035.0,215.386897,7.852
2,8,93,0,61155.6,215.386897,7.852
2,9,7,0,25244.28,215.4508632,7.852
2,9,14,0,16404.21,215.4508632,7.852
2,9,90,0,99456.28,215.4508632,7.852
2,9,11,0,19089.87,215.4508632,7.852
2,9,94,0,71909.55,215.4508632,7.852
2,9,95,0,145434.71,215.4508632,7.852
2,9,2,0,66006.89,215.4508632,7.852
2,9,81,1,29674.69,215.5148295,7.852
2,9,34,1,11138.42,215.5148295,7.852
2,9,4,1,43054.31,215.5148295,7.852
2,9,23,0,19278.61,215.6944378,7.852
2,9,34,0,12564.52,215.6944378,7.852
2,9,13,0,43458.52,215.6944378,7.852
2,9,2,0,59135.08,215.6944378,7.852
2,9,90,0,98529.83,215.6944378,7.852
2,9,23,0,20247.42,216.0282356,7.852
2,9,2,0,61107.02,216.0282356,7.852
2,9,72,0,59346.43,216.0282356,7.852
2,9,96,0,31181.28,216.0282356,7.852
2,9,97,0,38916.67,216.0282356,7.852
2,9,25,0,11004.32,216.3620333,7.852
2,9,79,0,29357.01,216.3620333,7.852
2,9,97,0,36792.87,216.3620333,7.852
2,9,87,0,23292.29,216.3620333,7.852
2,9,4,0,42514.19,216.3620333,7.852
2,9,94,0,61435.09,216.3620333,7.852
2,10,79,0,37025.07,216.6958311,7.441
2,10,3,0,13716.81,216.6958311,7.441
2,10,80,0,23399.35,217.0048261,7.441
2,10,98,0,13284.19,217.0048261,7.441
2,10,11,0,15550.16,217.0048261,7.441
2,10,8,0,52291.79,217.0048261,7.441
2,10,3,0,12920.6,217.0048261,7.441
2,10,17,0,12107.11,217.0048261,7.441
2,10,38,0,76417.88,217.1650042,7.441
2,10,96,0,29412.01,217.1650042,7.441
2,10,14,0,18247.67,217.1650042,7.441
2,10,95,0,137866.17,217.1650042,7.441
2,10,26,0,12354.02,217.1650042,7.441
2,10,4,0,41105.97,217.3251824,7.441
2,10,32,0,10120.16,217.3251824,7.441
2,10,9,0,26141.26,217.3251824,7.441
2,10,55,0,13099.43,217.3251824,7.441
2,10,72,0,79821.63,217.3251824,7.441
2,11,13,0,46195.06,217.4853605,7.441
2,11,9,0,36669.26,217.4853605,7.441
2,11,95,0,131575.1,217.4853605,7.441
2,11,82,0,22027.66,217.4853605,7.441
2,11,17,0,13369.39,217.4853605,7.441
2,11,25,0,13738.08,217.6455387,7.441
2,11,3,0,11931.19,217.6455387,7.441
2,11,94,0,63854.77,217.6455387,7.441
2,11,1,0,23151.55,217.6455387,7.441
2,11,98,0,13378.11,217.6455387,7.441
2,11,58,0,36095.0,217.8670218,7.441
2,11,38,0,84017.98,217.8670218,7.441
2,11,23,0,25253.1,217.8670218,7.441
2,11,87,1,31874.88,218.1130269,7.441
2,11,92,1,238066.17,218.1130269,7.441
2,11,6,1,21410.28,218.1130269,7.441
2,11,79,1,31430.7,218.1130269,7.441
2,11,97,1,36479.75,218.1130269,7.441
2,12,55,0,17465.27,218.3590319,7.441
2,12,80,0,22451.37,218.3590319,7.441
2,12,33,0,11130.44,218.3590319,7.441
2,12,3,0,16138.7,218.605037,7.441
2,12,34,0,23311.84,218.605037,7.441
2,12,29,0,12149.61,218.605037,7.441
2,12,24,0,26097.66,218.605037,7.441
2,12,87,0,28271.15,218.605037,7.441
2,12,1,0,63109.72,218.8217928,7.441
2,12,34,0,19144.66,218.8217928,7.441
2,12,80,0,28985.11,218.8217928,7.441
2,12,29,0,12831.95,218.8217928,7.441
2,12,46,0,51210.54,218.8217928,7.441
2,12,3,0,21480.34,218.9995495,7.441
2,12,40,0,84750.87,218.9995495,7.441
2,12,9,0,66512.61,218.9995495,7.441
2,12,14,0,67053.47,218.9995495,7.441
2,12,7,0,214118.51,218.9995495,7.441
2,12,38,1,87536.09,219.1773063,7.441
2,12,55,1,26079.11,219.1773063,7.441
2,12,22,1,14628.24,219.1773063,7.441
2,12,10,1,35351.73,219.1773063,7.441
2,12,14,1,30419.21,219.1773063,7.441
2,1,80,0,24996.75,219.355063,7.057
2,1,14,0,20087.89,219.355063,7.057
2,1,1,0,20481.45,219.355063,7.057
2,1,23,0,20133.52,219.6258417,7.057
2,1,81,0,30104.17,219.6258417,7.057
2,1,79,0,26733.3,219.6258417,7.057
2,1,34,0,11203.41,219.6258417,7.057
2,1,7,0,19496.87,219.6258417,7.057
2,1,22,0,13919.73,219.7188636,7.057
2,1,79,0,25609.24,219.7188636,7.057
2,1,13,0,42017.51,219.7188636,7.057
2,1,11,0,23482.78,219.7188636,7.057
2,2,23,0,22572.73,219.8118854,7.057
2,2,74,0,18566.54,219.8118854,7.057
2,2,80,0,26211.01,219.8118854,7.057
2,2,9,0,24443.97,219.8118854,7.057
2,2,40,0,86312.55,219.8118854,7.057
2,2,7,0,22087.93,219.8118854,7.057
2,2,90,1,104060.48,219.9049073,7.057
2,2,46,0,30707.93,220.0651993,7.057
2,2,49,0,22595.12,220.0651993,7.057
2,2,94,0,96765.32,220.0651993,7.057
2,2,8,0,60268.87,220.0651993,7.057
2,2,1,0,77394.09,220.0651993,7.057
2,2,34,0,17855.7,220.0651993,7.057
2,2,46,0,28165.28,220.275944,7.057
2,2,81,0,30012.52,220.275944,7.057
2,2,7,0,26766.88,220.275944,7.057
2,2,93,0,65034.97,220.275944,7.057
2,2,79,0,32084.6,220.275944,7.057
2,3,72,0,83782.87,220.4866886,7.057
2,3,38,0,91774.53,220.4866886,7.057
2,3,22,0,17866.79,220.4866886,7.057
2,3,5,0,32307.69,220.4866886,7.057
2,3,93,0,67667.45,220.4866886,7.057
2,3,55,0,11407.02,220.4866886,7.057
2,3,2,0,70768.55,220.4866886,7.057
2,3,4,0,45833.82,220.4866886,7.057
2,3,81,0,32233.55,220.6974332,7.057
2,3,96,0,29697.24,220.6974332,7.057
2,3,16,0,30060.91,220.6974332,7.057
2,3,79,0,36408.8,220.6974332,7.057
2,3,90,0,101348.75,220.8498468,7.057
2,3,40,0,81624.83,220.8498468,7.057
2,3,26,0,10564.17,220.8498468,7.057
2,3,98,0,13582.23,220.8498468,7.057
2,3,79,0,30700.07,220.8498468,7.057
2,3,4,0,44531.12,220.8498468,7.057
2,3,25,0,17776.31,220.8498468,7.057
2,3,23,0,28185.45,220.8498468,7.057
2,3,2,0,63447.81,220.9244858,7.057
2,3,22,0,11234.12,220.9244858,7.057
2,3,46,0,26278.04,220.9244858,7.057
2,3,25,0,16867.16,220.9244858,7.057
2,3,90,0,92671.18,220.9991248,7.057
2,3,13,0,45316.37,220.9991248,7.057
2,3,79,0,28477.46,220.9991248,7.057
2,3,97,0,38152.55,220.9991248,7.057
2,3,56,0,15455.76,220.9991248,7.057
2,4,9,0,51204.54,221.0737638,6.891
2,4,98,0,15585.99,221.0737638,6.891
2,4,22,0,12376.26,221.0737638,6.891
2,4,96,0,36377.65,221.0737638,6.891
2,4,91,0,86132.28,221.0737638,6.891
2,4,40,0,81173.02,221.0737638,6.891
2,4,8,0,58538.71,221.1484028,6.891
2,4,58,0,17800.0,221.1484028,6.891
2,4,9,0,44484.71,221.1484028,6.891
2,4,32,0,11788.06,221.1484028,6.891
2,4,95,0,142351.08,221.2021074,6.891
2,4,92,0,164123.2,221.2021074,6.891
2,4,17,0,11741.15,221.2021074,6.891
2,4,16,0,43658.78,221.2021074,6.891
2,4,25,0,12961.33,221.255812,6.891
2,4,5,0,16528.64,221.255812,6.891
2,4,38,0,90356.82,221.255812,6.891
2,5,14,0,20525.75,221.3095166,6.891
2,5,25,0,14711.65,221.3095166,6.891
2,5,23,0,30071.79,221.3095166,6.891
2,5,32,0,11172.15,221.3095166,6.891
2,5,7,0,38179.14,221.3095166,6.891
2,5,23,0,26503.72,221.3632212,6.891
2,5,14,0,22581.53,221.3632212,6.891
2,5,25,0,14370.04,221.3632212,6.891
2,5,46,0,30310.24,221.3632212,6.891
2,5,40,0,78730.79,221.3632212,6.891
2,5,82,0,25123.53,221.380331,6.891
2,5,81,0,33193.76,221.380331,6.891
2,5,74,0,15875.42,221.380331,6.891
2,5,8,0,62084.91,221.380331,6.891
2,5,13,0,45528.42,221.380331,6.891
2,5,82,0,24067.05,221.3828029,6.891
2,5,25,0,14472.9,221.3828029,6.891
2,5,1,0,23561.25,221.3828029,6.891
2,5,79,0,29391.95,221.3828029,6.891
2,5,32,0,11064.11,221.3828029,6.891
2,6,2,0,64912.65,221.3852748,6.891
2,6,14,0,22565.57,221.3852748,6.891
2,6,79,0,31838.06,221.3852748,6.891
2,6,40,0,76342.23,221.3852748,6.891
2,6,7,0,56434.48,221.3852748,6.891
2,6,92,0,181331.71,221.3877467,6.891
2,6,90,0,104478.55,221.3877467,6.891
2,6,13,0,48406.46,221.3877467,6.891
2,6,46,0,32484.18,221.3877467,6.891
2,6,58,0,19320.0,221.3877467,6.891
2,6,82,0,26308.83,221.4009901,6.891
2,6,14,0,21919.88,221.4009901,6.891
2,6,95,0,162591.53,221.4009901,6.891
2,6,81,0,33459.44,221.4009901,6.891
2,6,16,0,42603.99,221.4009901,6.891
2,6,81,0,32013.87,221.4411622,6.891
2,6,90,0,95967.37,221.4411622,6.891
2,6,92,0,159611.89,221.4411622,6.891
2,6,16,0,45878.38,221.4411622,6.891
2,6,82,0,23122.5,221.4813343,6.891
2,6,95,0,157961.78,221.4813343,6.891
2,6,72,0,60441.96,221.4813343,6.891
2,6,40,0,76874.71,221.4813343,6.891
2,6,94,0,71574.22,221.4813343,6.891
2,7,90,0,105466.28,221.5215064,6.565
2,7,92,0,179105.49,221.5215064,6.565
2,7,5,0,20850.59,221.5215064,6.565
2,7,14,0,23682.42,221.5215064,6.565
2,7,7,0,42776.06,221.5215064,6.565
2,7,9,0,38294.7,221.5215064,6.565
2,7,96,0,37359.49,221.5616784,6.565
2,7,5,0,19608.0,221.5701123,6.565
2,7,14,0,15821.3,221.5701123,6.565
2,7,72,0,52381.35,221.5701123,6.565
2,7,32,0,10291.21,221.5701123,6.565
2,7,4,0,43538.73,221.5785461,6.565
2,7,81,0,29985.61,221.5785461,6.565
2,7,72,0,56663.19,221.5785461,6.565
2,7,74,0,14982.53,221.5785461,6.565
2,7,9,0,26517.89,221.5785461,6.565
2,7,7,0,28162.44,221.5785461,6.565
2,8,9,0,29268.64,221.5869799,6.565
2,8,25,0,13023.42,221.5869799,6.565
2,8,72,0,55112.18,221.5954138,6.565
2,8,2,0,67146.39,221.5954138,6.565
2,8,22,0,12684.7,221.5954138,6.565
2,8,5,0,21574.47,221.5954138,6.565
2,8,16,0,24513.0,221.5954138,6.565
2,8,1,0,23261.95,221.5954138,6.565
2,8,96,0,36681.1,221.6751459,6.565
2,8,34,0,16630.95,221.6751459,6.565
2,8,93,0,84053.55,221.6751459,6.565
2,8,22,0,13507.19,221.8083518,6.565
2,8,7,0,26622.8,221.8083518,6.565
2,8,87,0,21185.92,221.8083518,6.565
2,8,1,0,22839.77,221.8083518,6.565
2,8,9,0,37352.01,221.8083518,6.565
2,8,74,0,16024.67,221.9415576,6.565
2,8,1,0,25343.45,221.9415576,6.565
2,8,90,0,100564.16,221.9415576,6.565
2,8,81,0,32208.81,221.9415576,6.565
2,8,9,0,60120.0,221.9415576,6.565
2,9,23,1,21132.94,222.0747635,6.565
2,9,14,1,19536.7,222.0747635,6.565
2,9,90,1,104556.46,222.0747635,6.565
2,9,93,1,85314.0,222.0747635,6.565
2,9,97,1,45175.57,222.0747635,6.565
2,9,98,1,12817.74,222.0747635,6.565
2,9,72,0,68694.92,222.2174395,6.565
2,9,11,0,16955.5,222.2174395,6.565
