1,2,2,0,50605.27,211.0963582,8.106
1,2,8,0,40129.01,211.0963582,8.106
1,2,97,0,32153.04,211.0963582,8.106
1,2,13,0,41969.29,211.0963582,8.106
1,2,72,0,98499.12,211.0963582,8.106
1,2,13,1,36476.4,211.2421698,8.106
1,2,14,1,18129.02,211.2421698,8.106
1,2,9,1,16562.49,211.2421698,8.106
1,2,34,1,12852.83,211.2421698,8.106
1,2,16,1,11873.89,211.2421698,8.106
1,2,7,0,19985.2,211.2891429,8.106
1,2,98,0,12087.95,211.2891429,8.106
1,2,14,0,17491.36,211.2891429,8.106
1,2,16,0,13855.54,211.2891429,8.106
1,2,11,0,18706.21,211.2891429,8.106
1,2,95,0,107952.07,211.2891429,8.106
1,2,98,0,10871.74,211.3196429,8.106
1,2,5,0,24101.89,211.3196429,8.106
1,3,79,0,42931.77,211.3501429,8.106
1,3,82,0,19974.91,211.3501429,8.106
1,3,90,0,78081.85,211.3501429,8.106
1,3,55,0,16120.04,211.3501429,8.106
1,3,81,0,29272.13,211.3806429,8.106
1,3,98,0,10819.46,211.3806429,8.106
1,3,55,0,14410.07,211.3806429,8.106
1,3,97,0,31733.15,211.215635,8.106
1,3,72,0,41069.55,211.215635,8.106
1,3,12,0,12917.55,211.215635,8.106
1,3,25,0,13876.5,211.0180424,8.106
1,4,18,0,17916.41,210.8204499,7.808
1,4,97,0,30149.2,210.8204499,7.808
1,4,40,0,62278.04,210.8204499,7.808
1,4,40,0,59141.39,210.6228574,7.808
1,4,23,0,21678.02,210.6228574,7.808
1,4,56,0,13987.13,210.6228574,7.808
1,4,25,0,12360.85,210.4887,7.808
1,4,40,0,58400.17,210.4887,7.808
1,4,1,0,17596.96,210.4887,7.808
1,4,90,0,73155.28,210.4887,7.808
1,4,46,0,17394.72,210.4887,7.808
1,4,14,0,12749.37,210.4391228,7.808
1,4,80,0,14283.64,210.4391228,7.808
1,4,13,0,36717.2,210.3895456,7.808
1,4,91,0,55068.72,210.3895456,7.808
1,4,46,0,18120.31,210.3895456,7.808
1,5,87,0,41094.12,210.3399684,7.808
1,5,46,0,19219.2,210.3399684,7.808
1,5,97,0,34449.36,210.3399684,7.808
1,5,25,0,11446.25,210.3399684,7.808
1,5,13,0,36499.93,210.3374261,7.808
1,5,16,0,44148.02,210.3374261,7.808
1,5,91,0,64325.26,210.3374261,7.808
1,5,8,0,34442.73,210.6170934,7.808
1,5,38,0,80273.34,210.6170934,7.808
1,5,16,0,38638.64,210.6170934,7.808
1,5,97,0,31165.21,210.6170934,7.808
1,5,87,0,32975.76,210.6170934,7.808
1,5,13,0,38347.52,210.8967606,7.808
1,5,49,0,11711.59,210.8967606,7.808
1,5,94,0,58985.55,210.8967606,7.808
1,6,5,0,22932.26,211.1764278,7.808
1,6,94,0,64495.92,211.1764278,7.808
1,6,25,0,13504.5,211.1764278,7.808
1,6,74,0,13923.38,211.4560951,7.808
1,6,40,0,54805.3,211.4560951,7.808
1,6,97,0,36307.14,211.4537719,7.808
1,6,14,0,12693.5,211.4537719,7.808
1,6,49,0,10764.54,211.4537719,7.808
1,6,23,0,27795.85,211.4537719,7.808
1,6,81,0,27966.9,211.3386526,7.808
1,6,94,0,61964.14,211.3386526,7.808
1,6,10,0,31667.6,211.3386526,7.808
1,6,46,0,20309.52,211.3386526,7.808
1,7,81,0,42866.79,211.2235333,7.787
1,7,25,0,10504.25,211.2235333,7.787
1,7,4,0,39773.71,211.2235333,7.787
1,7,38,0,100958.25,211.2235333,7.787
1,7,14,0,15032.03,211.108414,7.787
1,7,82,0,19092.69,211.108414,7.787
1,7,80,0,15996.89,211.108414,7.787
1,7,1,0,17688.76,211.108414,7.787
1,7,98,0,10987.53,211.108414,7.787
1,7,72,0,34523.84,211.108414,7.787
1,7,93,0,65960.35,211.1003854,7.787
1,7,94,0,60224.73,211.1003854,7.787
1,7,38,0,80431.55,211.1003854,7.787
1,7,16,0,29763.52,211.1003854,7.787
1,7,95,0,121386.73,211.1003854,7.787
1,7,93,0,59219.34,211.2351443,7.787
1,7,10,0,30078.61,211.2351443,7.787
1,7,74,0,14280.47,211.2351443,7.787
1,7,97,0,29315.71,211.3699032,7.787
1,7,4,0,36419.68,211.3699032,7.787
1,7,3,0,20915.95,211.3699032,7.787
1,7,95,0,108781.57,211.3699032,7.787
1,7,80,0,15166.99,211.3699032,7.787
1,8,55,0,11091.06,211.5046621,7.787
1,8,3,0,26719.02,211.5046621,7.787
1,8,14,0,14404.15,211.5046621,7.787
1,8,80,0,17325.53,211.5046621,7.787
1,8,96,0,31233.67,211.5046621,7.787
1,8,91,0,69486.59,211.6394211,7.787
1,8,13,0,37869.12,211.6394211,7.787
1,8,95,0,131288.83,211.6394211,7.787
1,8,7,0,19178.36,211.6394211,7.787
1,8,98,0,11488.27,211.6394211,7.787
1,8,1,0,15536.4,211.6394211,7.787
1,8,74,0,11884.61,211.6394211,7.787
1,8,81,0,29172.25,211.6033633,7.787
1,8,3,0,41101.93,211.6033633,7.787
1,8,87,0,35527.92,211.6033633,7.787
1,8,95,0,124601.48,211.6033633,7.787
1,8,98,0,10160.03,211.6033633,7.787
1,8,72,0,36690.76,211.5673056,7.787
1,9,14,0,13995.39,211.5312479,7.787
1,9,16,0,22888.26,211.5312479,7.787
1,9,9,0,39639.39,211.5312479,7.787
1,9,79,0,39538.08,211.5312479,7.787
1,9,74,0,11691.33,211.5312479,7.787
1,9,90,0,79049.67,211.5312479,7.787
1,9,23,0,19045.76,211.5312479,7.787
1,9,92,1,134373.61,211.4951902,7.787
1,9,13,1,39525.93,211.4951902,7.787
1,9,72,1,44555.16,211.4951902,7.787
1,9,82,1,17349.06,211.4951902,7.787
1,9,9,1,40143.87,211.4951902,7.787
1,9,2,0,44681.64,211.5224596,7.787
1,9,49,0,13938.16,211.5224596,7.787
1,9,7,0,17397.01,211.5224596,7.787
1,9,74,0,10739.64,211.5224596,7.787
1,9,8,0,33762.32,211.5224596,7.787
1,9,14,0,11847.72,211.5972246,7.787
1,9,49,0,13060.87,211.5972246,7.787
1,9,72,0,39528.86,211.5972246,7.787
1,9,2,0,42477.49,211.5972246,7.787
1,10,80,0,15460.88,211.6719895,7.838
1,10,11,0,19605.53,211.7467544,7.838
1,10,82,0,22254.42,211.7467544,7.838
1,10,7,0,16350.96,211.7467544,7.838
1,10,96,0,25795.25,211.7467544,7.838
1,10,82,0,21079.88,211.8137436,7.838
1,10,72,0,34301.02,211.8612937,7.838
1,10,11,0,16165.56,211.8612937,7.838
1,10,93,0,58959.85,211.8612937,7.838
1,10,96,0,31057.77,211.8612937,7.838
1,10,81,0,27408.24,211.9088438,7.838
1,10,91,0,54154.79,211.9088438,7.838
1,10,94,0,54463.34,211.9088438,7.838
1,10,95,0,105793.4,211.9088438,7.838
1,11,5,0,23903.81,211.9563939,7.838
1,11,25,0,10713.05,211.9563939,7.838
1,11,98,0,11084.68,211.9563939,7.838
1,11,8,0,36182.58,211.9563939,7.838
1,11,93,0,69542.18,211.9563939,7.838
1,11,40,0,62762.19,211.9563939,7.838
1,11,34,0,11137.4,212.003944,7.838
1,11,9,0,37167.49,212.003944,7.838
1,11,40,0,59117.63,212.003944,7.838
1,11,87,0,34043.14,211.8896737,7.838
1,11,55,0,15807.45,211.8896737,7.838
1,11,91,0,62166.33,211.8896737,7.838
1,11,33,1,10290.44,211.7484333,7.838
1,11,93,1,81660.77,211.7484333,7.838
1,11,4,1,46201.27,211.7484333,7.838
1,11,74,1,19282.0,211.7484333,7.838
1,11,94,1,61809.29,211.7484333,7.838
1,11,25,1,11504.57,211.7484333,7.838
1,12,79,0,32861.33,211.607193,7.838
1,12,97,0,30659.4,211.607193,7.838
1,12,7,0,47406.83,211.607193,7.838
1,12,90,0,73277.05,211.607193,7.838
1,12,79,0,33269.22,211.4659526,7.838
1,12,18,0,47266.75,211.4659526,7.838
1,12,94,0,50531.16,211.4659526,7.838
1,12,91,0,63496.85,211.4659526,7.838
1,12,13,0,34749.11,211.4659526,7.838
1,12,90,0,79620.55,211.4659526,7.838
1,12,5,0,59589.48,211.4053124,7.838
1,12,33,0,11557.72,211.4053124,7.838
1,12,91,0,62562.19,211.4053124,7.838
1,12,82,0,41964.81,211.4053124,7.838
1,12,94,0,54141.38,211.4053124,7.838
1,12,23,0,62381.0,211.4051222,7.838
1,12,3,0,12080.36,211.4051222,7.838
1,12,29,0,14065.97,211.4051222,7.838
1,12,9,0,47275.64,211.4051222,7.838
1,12,17,0,19842.0,211.4051222,7.838
1,12,5,1,32280.82,211.4049321,7.838
1,12,9,1,22884.84,211.4049321,7.838
1,12,94,1,47135.72,211.4049321,7.838
1,12,96,1,32416.67,211.4049321,7.838
1,1,55,0,13296.99,211.4047419,7.742
1,1,49,0,12627.13,211.4047419,7.742
1,1,2,0,43202.29,211.4047419,7.742
1,1,23,0,20525.34,211.4574109,7.742
1,1,87,0,37376.73,211.4574109,7.742
1,1,90,0,82043.47,211.4574109,7.742
1,1,23,0,17596.0,211.8272343,7.742
1,1,72,0,41051.86,211.8272343,7.742
1,1,93,0,62937.08,211.8272343,7.742
1,1,95,0,103724.16,211.8272343,7.742
1,1,81,0,27904.03,211.8272343,7.742
1,1,9,0,13213.73,212.1970577,7.742
1,1,49,0,14081.79,212.1970577,7.742
1,1,74,0,10479.64,212.1970577,7.742
1,2,3,0,11012.52,212.5668812,7.742
1,2,10,0,33036.92,212.5668812,7.742
1,2,5,0,31280.62,212.5668812,7.742
1,2,1,0,21665.76,212.5668812,7.742
1,2,91,1,73085.36,212.9367046,7.742
1,2,74,1,12258.35,212.9367046,7.742
1,2,40,0,65145.21,213.2478853,7.742
1,2,11,0,18671.75,213.2478853,7.742
1,2,79,0,32462.04,213.2478853,7.742
1,2,92,0,129581.85,213.2478853,7.742
1,2,16,0,23253.54,213.535609,7.742
1,2,12,0,10804.61,213.535609,7.742
1,2,38,0,66624.1,213.535609,7.742
1,2,4,0,33677.18,213.535609,7.742
1,3,8,0,36369.58,213.8233327,7.742
1,3,11,0,20777.31,213.8233327,7.742
1,3,34,0,11694.68,213.8233327,7.742
1,3,96,0,30353.42,213.8233327,7.742
1,3,55,0,15350.18,214.1110564,7.742
1,3,98,0,12355.33,214.1110564,7.742
1,3,3,0,10689.97,214.1110564,7.742
1,3,97,0,36603.97,214.1110564,7.742
1,3,82,0,21432.21,214.1110564,7.742
1,3,7,0,22751.59,214.3627114,7.742
1,3,25,0,11290.68,214.3627114,7.742
1,3,40,0,59935.75,214.3627114,7.742
1,3,2,0,45222.3,214.3627114,7.742
1,3,16,0,42549.38,214.3627114,7.742
1,3,34,0,13373.58,214.5999389,7.742
1,3,49,0,12846.99,214.5999389,7.742
1,4,49,0,13167.85,214.8371664,7.682
1,4,40,0,62296.54,214.8371664,7.682
1,4,38,0,84294.6,215.0743939,7.682
1,4,5,0,22393.09,215.0743939,7.682
1,4,96,0,36501.78,215.0743939,7.682
1,4,21,0,32563.54,215.0743939,7.682
1,4,46,0,19162.86,215.0743939,7.682
1,4,7,0,19955.07,215.2918561,7.682
1,4,9,0,28475.86,215.2918561,7.682
1,4,81,0,30757.86,215.2918561,7.682
1,4,11,0,25703.25,215.4599053,7.682
1,4,4,0,35132.7,215.4599053,7.682
1,4,79,0,30833.66,215.4599053,7.682
1,4,34,0,10357.32,215.4599053,7.682
1,4,96,0,31573.91,215.6279544,7.682
1,4,25,0,10050.82,215.6279544,7.682
1,5,4,0,37827.69,215.7960035,7.682
1,5,34,0,10790.42,215.7960035,7.682
1,5,80,0,17454.19,215.7960035,7.682
1,5,55,0,10456.91,215.7960035,7.682
1,5,23,0,19922.66,215.7960035,7.682
1,5,12,0,12272.92,215.9640526,7.682
1,5,97,0,39672.38,215.9640526,7.682
1,5,94,0,86052.03,215.9640526,7.682
1,5,11,0,25332.93,215.9640526,7.682
1,5,7,0,21344.39,215.9640526,7.682
1,5,23,0,21917.77,215.9640526,7.682
1,5,10,0,28586.42,215.7339202,7.682
1,5,90,0,74840.01,215.7339202,7.682
1,5,34,0,10320.09,215.7339202,7.682
1,5,96,0,32644.21,215.7339202,7.682
1,5,11,0,19511.5,215.7339202,7.682
1,5,34,0,10175.87,215.5037878,7.682
1,5,2,0,45072.11,215.5037878,7.682
1,6,25,0,10967.44,215.2736553,7.682
1,6,13,0,39884.82,215.2736553,7.682
1,6,12,0,13346.63,215.2736553,7.682
1,6,79,0,35023.2,215.0435229,7.682
1,6,46,0,21209.8,215.0435229,7.682
1,6,96,0,39189.57,215.0435229,7.682
1,6,7,0,31439.02,214.9980596,7.682
1,6,34,0,10034.64,214.9980596,7.682
1,6,23,0,21482.19,214.9980596,7.682
1,6,4,0,35523.17,214.9980596,7.682
1,6,87,0,45207.02,214.9980596,7.682
1,6,90,0,78145.72,215.0910982,7.682
1,6,80,0,16536.03,215.0910982,7.682
1,6,1,0,15682.81,215.0910982,7.682
1,6,96,0,36449.4,215.0910982,7.682
1,6,79,0,29394.35,215.0910982,7.682
1,6,74,0,10821.75,215.0910982,7.682
1,7,8,0,34063.23,215.1841368,7.962
1,7,16,0,33435.46,215.1841368,7.962
1,7,38,0,68879.85,215.1841368,7.962
1,7,95,0,128054.88,215.1841368,7.962
1,7,11,0,33808.27,215.1841368,7.962
1,7,72,0,32577.03,215.2771754,7.962
1,7,40,0,54701.65,215.2771754,7.962
1,7,14,0,11578.97,215.2771754,7.962
1,7,4,0,39149.99,215.2771754,7.962
1,7,94,0,68829.04,215.2771754,7.962
1,7,79,0,36448.88,215.2771754,7.962
1,7,96,0,32265.16,215.3611087,7.962
1,7,23,0,18171.24,215.3611087,7.962
1,7,4,0,33930.8,215.3611087,7.962
1,7,94,0,66176.37,215.3611087,7.962
1,7,2,0,45113.56,215.4222784,7.962
1,7,16,0,20795.03,215.4222784,7.962
1,7,8,0,31981.72,215.4834482,7.962
1,7,97,0,32060.9,215.4834482,7.962
1,7,94,0,60914.58,215.4834482,7.962
1,8,90,0,85719.19,215.544618,7.962
1,8,14,0,13330.04,215.544618,7.962
1,8,74,0,10460.68,215.544618,7.962
1,8,5,0,21183.42,215.544618,7.962
1,8,79,0,45837.83,215.544618,7.962
1,8,82,0,18091.77,215.6057878,7.962
1,8,74,0,12363.2,215.6057878,7.962
1,8,7,0,14088.28,215.6057878,7.962
1,8,2,0,46391.12,215.6693107,7.962
1,8,74,0,12020.11,215.6693107,7.962
1,8,7,0,13413.8,215.6693107,7.962
1,8,13,0,38533.7,215.6693107,7.962
1,8,8,0,32668.5,215.7332258,7.962
1,8,33,0,11409.33,215.7332258,7.962
1,8,9,0,21140.44,215.7332258,7.962
1,8,4,0,37495.2,215.7332258,7.962
1,9,90,0,89094.73,215.7971409,7.962
1,9,8,0,34963.68,215.7971409,7.962
1,9,13,0,42713.81,215.7971409,7.962
1,9,5,0,20432.91,215.7971409,7.962
1,9,9,0,38656.8,215.7971409,7.962
1,9,4,0,36589.07,215.7971409,7.962
1,9,98,1,11580.27,215.861056,7.962
1,9,7,1,13370.82,215.861056,7.962
1,9,92,1,144592.43,215.861056,7.962
1,9,79,1,34786.75,215.861056,7.962
1,9,46,0,17763.55,216.0410526,7.962
1,9,38,0,73226.9,216.0410526,7.962
1,9,97,0,38823.04,216.0410526,7.962
1,9,82,0,17923.58,216.3758246,7.962
1,9,5,0,20562.37,216.3758246,7.962
1,9,7,0,13908.4,216.7105965,7.962
1,9,97,0,32167.23,216.7105965,7.962
1,9,5,0,16385.37,216.7105965,7.962
1,10,7,0,12758.28,217.0453684,7.866
1,10,9,0,41729.36,217.0453684,7.866
1,10,91,0,71865.59,217.0453684,7.866
1,10,2,0,49880.69,217.0453684,7.866
1,10,4,0,37397.63,217.0453684,7.866
1,10,79,0,45059.56,217.0453684,7.866
1,10,23,0,17951.52,217.3552733,7.866
1,10,4,0,35000.3,217.3552733,7.866
1,10,14,0,12476.8,217.5159762,7.866
1,10,8,0,32631.25,217.5159762,7.866
1,10,55,0,12946.24,217.5159762,7.866
1,10,81,0,27412.7,217.5159762,7.866
1,10,10,0,28349.42,217.6766791,7.866
1,10,2,0,41682.4,217.6766791,7.866
1,10,81,0,26292.64,217.6766791,7.866
1,11,91,0,62223.17,217.837382,7.866
1,11,10,0,31588.66,217.837382,7.866
1,11,96,0,33307.4,217.837382,7.866
1,11,13,0,41907.62,217.837382,7.866
1,11,34,0,12121.54,217.837382,7.866
1,11,23,0,21318.68,217.9980849,7.866
1,11,94,0,59519.38,217.9980849,7.866
1,11,80,0,18932.74,217.9980849,7.866
1,11,96,0,32427.3,218.2205088,7.866
1,11,4,0,37656.58,218.2205088,7.866
1,11,80,0,19646.97,218.2205088,7.866
1,11,95,1,112688.97,218.4676211,7.866
1,11,90,1,107508.68,218.4676211,7.866
1,11,34,1,14744.09,218.4676211,7.866
1,11,74,1,20182.75,218.4676211,7.866
1,12,91,0,55855.06,218.7147333,7.866
1,12,18,0,47731.67,218.7147333,7.866
1,12,5,0,32572.27,218.7147333,7.866
1,12,87,0,54537.22,218.7147333,7.866
1,12,23,0,24682.22,218.7147333,7.866
1,12,46,0,20061.91,218.7147333,7.866
1,12,95,0,119053.8,218.9618456,7.866
1,12,90,0,94666.69,218.9618456,7.866
1,12,22,0,10035.25,218.9618456,7.866
1,12,46,0,24204.73,218.9618456,7.866
1,12,74,0,10228.59,219.1794533,7.866
1,12,93,0,85789.38,219.1794533,7.866
1,12,94,0,57060.85,219.1794533,7.866
1,12,18,0,33932.27,219.1794533,7.866
1,12,94,0,70155.23,219.3577216,7.866
1,12,3,0,13667.88,219.3577216,7.866
1,12,81,0,31972.69,219.3577216,7.866
1,12,95,0,125041.39,219.3577216,7.866
1,12,38,1,63659.49,219.5359898,7.866
1,12,46,1,26431.67,219.5359898,7.866
1,12,82,1,30132.4,219.5359898,7.866
1,12,8,1,32419.78,219.5359898,7.866
1,12,80,1,15722.33,219.5359898,7.866
1,1,82,0,20019.69,219.7142581,7.348
1,1,93,0,78517.16,219.7142581,7.348
1,1,4,0,36582.36,219.8925263,7.348
1,1,49,0,10809.86,219.8925263,7.348
1,1,2,0,43353.09,219.8925263,7.348
1,1,95,0,118685.12,219.8925263,7.348
1,1,90,0,92509.87,219.8925263,7.348
1,1,1,0,18365.1,219.9856893,7.348
1,1,49,0,12530.65,219.9856893,7.348
1,1,5,0,19298.42,219.9856893,7.348
1,1,94,0,61140.38,219.9856893,7.348
1,1,9,0,13332.75,219.9856893,7.348
1,1,72,0,43660.6,220.0788523,7.348
1,1,81,0,28130.16,220.0788523,7.348
1,1,13,0,34312.26,220.0788523,7.348
1,1,93,0,63776.99,220.0788523,7.348
1,2,1,0,23510.49,220.1720153,7.348
1,2,80,0,16911.18,220.1720153,7.348
1,2,10,0,33524.28,220.1720153,7.348
1,2,90,0,88941.55,220.1720153,7.348
1,2,91,1,74070.25,220.2651783,7.348
1,2,25,1,10179.01,220.2651783,7.348
1,2,13,1,43041.97,220.2651783,7.348
1,2,94,1,64979.66,220.2651783,7.348
1,2,55,0,18555.99,220.4257586,7.348
1,2,67,0,21228.22,220.4257586,7.348
1,2,46,0,23240.95,220.4257586,7.348
1,2,9,0,23867.82,220.4257586,7.348
1,2,2,0,46085.47,220.4257586,7.348
1,2,5,0,30797.88,220.636902,7.348
1,2,49,0,14533.65,220.636902,7.348
1,2,40,0,63852.3,220.636902,7.348
1,2,92,0,129648.25,220.636902,7.348
1,2,2,0,47080.12,220.636902,7.348
1,3,14,0,19412.26,220.8480454,7.348
1,3,90,0,87195.4,220.8480454,7.348
1,3,11,0,23286.46,220.8480454,7.348
1,3,10,0,39036.14,220.8480454,7.348
1,3,12,0,11947.03,221.0591887,7.348
1,3,13,0,40001.72,221.0591887,7.348
1,3,95,0,125840.82,221.0591887,7.348
1,3,38,0,88138.04,221.0591887,7.348
1,3,92,0,152800.74,221.2118132,7.348
1,3,8,0,36141.27,221.2118132,7.348
1,3,92,0,127013.26,221.2864126,7.348
1,3,97,0,32622.65,221.2864126,7.348
1,3,40,0,61229.13,221.3610119,7.348
1,3,2,0,46529.68,221.3610119,7.348
1,3,10,0,43718.05,221.3610119,7.348
1,3,93,0,67092.89,221.3610119,7.348
1,3,23,0,23356.66,221.3610119,7.348
1,3,38,0,83931.07,221.3610119,7.348
1,4,80,0,21547.43,221.4356112,7.143
1,4,81,0,34435.66,221.4356112,7.143
1,4,55,0,11456.71,221.4356112,7.143
1,4,74,0,10301.15,221.4356112,7.143
1,4,72,0,40241.21,221.5102105,7.143
1,4,1,0,34684.21,221.5102105,7.143
1,4,38,0,74197.08,221.5102105,7.143
1,4,94,0,68132.38,221.5102105,7.143
1,4,91,0,70877.39,221.5102105,7.143
1,4,7,0,21302.3,221.5102105,7.143
1,4,12,0,11730.26,221.5640737,7.143
1,4,96,0,35389.42,221.5640737,7.143
1,4,94,0,63164.15,221.5640737,7.143
1,4,11,0,21787.83,221.5640737,7.143
1,4,2,0,45561.85,221.5640737,7.143
1,4,12,0,11746.83,221.6179368,7.143
1,4,98,0,11683.76,221.6179368,7.143
1,4,9,0,30359.94,221.6179368,7.143
1,4,16,0,41926.36,221.6179368,7.143
1,4,13,0,39077.84,221.6179368,7.143
1,4,91,0,60412.71,221.6179368,7.143
1,5,92,0,140937.93,221.6718,7.143
1,5,10,0,35800.66,221.6718,7.143
1,5,38,0,90029.42,221.6718,7.143
1,5,82,0,21563.76,221.6718,7.143
1,5,5,0,18953.07,221.6718,7.143
1,5,90,0,87274.54,221.6718,7.143
1,5,80,0,19124.22,221.6718,7.143
1,5,38,0,70261.48,221.7256632,7.143
1,5,82,0,20076.15,221.7256632,7.143
1,5,98,0,12940.0,221.7256632,7.143
1,5,23,0,21536.76,221.7256632,7.143
1,5,7,0,23036.8,221.7256632,7.143
1,5,79,0,34432.74,221.7256632,7.143
1,5,97,0,35798.96,221.742674,7.143
1,5,80,0,18939.91,221.742674,7.143
1,5,14,0,16326.55,221.742674,7.143
1,5,16,0,37505.0,221.742674,7.143
1,5,23,0,18435.16,221.742674,7.143
1,5,97,0,34412.58,221.744944,7.143
1,5,98,0,12080.85,221.744944,7.143
1,5,38,0,76300.01,221.744944,7.143
1,6,92,0,134206.28,221.7472139,7.143
1,6,11,0,32406.68,221.7472139,7.143
1,6,25,0,11528.12,221.7472139,7.143
1,6,80,0,20833.84,221.7494839,7.143
1,6,93,0,84258.97,221.7494839,7.143
1,6,14,0,12858.85,221.7494839,7.143
1,6,92,0,153216.18,221.7626421,7.143
1,6,10,0,32578.62,221.7626421,7.143
1,6,95,0,140806.36,221.7626421,7.143
1,6,79,0,34184.66,221.7626421,7.143
1,6,80,0,19063.5,221.8030211,7.143
1,6,67,0,10831.78,221.8030211,7.143
1,6,98,0,11613.22,221.8030211,7.143
1,6,72,0,43726.7,221.8030211,7.143
1,6,93,0,70235.34,221.8030211,7.143
1,6,16,0,37677.82,221.8434,7.143
1,6,23,0,23036.0,221.8434,7.143
1,6,90,0,84392.18,221.8434,7.143
1,6,14,0,16958.84,221.8434,7.143
1,7,95,0,148798.05,221.8837789,6.908
1,7,97,0,43995.15,221.8837789,6.908
1,7,12,0,13887.61,221.8837789,6.908
1,7,14,0,19019.04,221.8837789,6.908
1,7,79,0,32163.5,221.9241579,6.908
1,7,94,0,61039.78,221.9241579,6.908
1,7,23,0,18400.73,221.9327267,6.908
1,7,3,0,20126.95,221.9327267,6.908
1,7,94,0,61193.95,221.9327267,6.908
1,7,91,0,67204.17,221.9327267,6.908
1,7,49,0,11500.49,221.9327267,6.908
1,7,3,0,22716.7,221.9412954,6.908
1,7,4,0,35197.59,221.9412954,6.908
1,7,38,0,70457.7,221.9412954,6.908
1,7,91,0,57662.6,221.9412954,6.908
1,7,7,0,17171.35,221.9412954,6.908
1,8,25,0,10019.2,221.9498642,6.908
1,8,40,0,59729.29,221.9498642,6.908
1,8,93,0,73486.9,221.9498642,6.908
1,8,14,0,13423.3,221.9498642,6.908
1,8,38,0,85329.19,221.9498642,6.908
1,8,8,0,40098.84,221.9498642,6.908
1,8,14,0,12434.69,221.9584329,6.908
1,8,87,0,51962.16,221.9584329,6.908
1,8,46,0,17599.96,221.9584329,6.908
1,8,80,0,20021.35,222.0384109,6.908
1,8,13,0,41658.4,222.0384109,6.908
1,8,16,0,20035.26,222.0384109,6.908
1,8,11,0,20281.68,222.0384109,6.908
1,8,12,0,10723.59,222.1719457,6.908
1,8,40,0,55113.94,222.1719457,6.908
1,8,94,0,60145.51,222.1719457,6.908
1,8,13,0,39231.62,222.1719457,6.908
1,8,98,0,10194.55,222.3054805,6.908
1,8,4,0,37802.97,222.3054805,6.908
1,8,5,0,18615.76,222.3054805,6.908
1,8,13,0,40940.78,222.3054805,6.908
1,8,95,0,124741.33,222.3054805,6.908
1,9,12,1,12566.45,222.4390153,6.908
1,9,81,1,32542.87,222.4390153,6.908
1,9,1,1,18322.37,222.4390153,6.908
1,9,80,0,19345.96,222.5820193,6.908
1,9,23,0,15702.02,222.7818386,6.908
1,9,46,0,17162.62,222.7818386,6.908
1,9,55,0,10502.56,222.7818386,6.908
1,9,2,0,43541.07,222.7818386,6.908
1,9,5,0,25798.78,222.7818386,6.908
1,9,10,0,27205.4,222.9816579,6.908
1,9,95,0,115326.47,222.9816579,6.908
1,9,93,0,63262.59,222.9816579,6.908
1,9,87,0,47292.44,222.9816579,6.908
1,9,94,0,58663.94,222.9816579,6.908
1,10,10,0,27822.4,223.1814772,6.573
1,10,46,0,18795.49,223.1814772,6.573
1,10,93,0,81868.04,223.1814772,6.573
1,10,16,0,10525.66,223.3812965,6.573
1,10,82,0,21963.11,223.3812965,6.573
1,10,93,0,84659.27,223.3812965,6.573
1,10,79,0,34139.98,223.3812965,6.573
1,10,90,0,88474.51,223.4257233,6.573
1,10,38,0,68794.43,223.4257233,6.573
1,10,92,0,146387.59,223.4257233,6.573
1,10,49,0,11082.52,223.4257233,6.573
1,10,1,0,27390.81,223.4442513,6.573
1,10,8,0,39255.35,223.4442513,6.573
1,10,14,0,11150.0,223.4442513,6.573
1,10,5,0,25846.94,223.4442513,6.573
1,10,38,0,66526.76,223.4442513,6.573
2,2,94,0,67287.18,210.7526053,8.324
2,2,38,0,113144.9,210.7526053,8.324
2,2,29,0,10322.43,210.7526053,8.324
2,2,10,0,39602.47,210.7526053,8.324
2,2,82,0,21581.79,210.7526053,8.324
2,2,8,1,63393.29,210.8979935,8.324
2,2,38,1,100344.36,210.8979935,8.324
2,2,4,1,44197.95,210.8979935,8.324
2,2,97,1,42135.66,210.8979935,8.324
2,2,4,0,46131.14,210.9451605,8.324
2,2,92,0,170825.81,210.9451605,8.324
2,2,93,0,61551.04,210.9451605,8.324
2,2,9,0,25458.81,210.9451605,8.324
2,2,10,0,38889.43,210.9451605,8.324
2,2,22,0,14974.46,210.9759573,8.324
2,2,92,0,159343.07,210.9759573,8.324
2,2,98,0,14456.55,210.9759573,8.324
2,2,4,0,42126.71,210.9759573,8.324
2,3,32,0,11863.21,211.0067542,8.324
2,3,16,0,21957.34,211.0067542,8.324
2,3,74,0,24050.85,211.0067542,8.324
2,3,80,0,25925.08,211.0067542,8.324
2,3,49,0,16527.33,211.037551,8.324
2,3,10,0,39602.57,211.037551,8.324
2,3,92,0,164055.79,211.037551,8.324
2,3,1,0,28660.87,211.037551,8.324
2,3,38,0,172794.2,211.037551,8.324
2,3,32,0,12965.23,210.8733316,8.324
2,3,9,0,44918.36,210.8733316,8.324
2,3,3,0,10394.28,210.8733316,8.324
2,3,4,0,44622.56,210.8733316,8.324
2,3,21,0,12110.53,210.8733316,8.324
2,3,79,0,30181.38,210.6766095,8.324
2,3,9,0,30131.27,210.6766095,8.324
2,3,23,0,22541.17,210.6766095,8.324
2,3,90,0,90327.05,210.6766095,8.324
2,3,55,0,12856.58,210.6766095,8.324
2,4,56,0,21751.89,210.4798874,8.2
2,4,16,0,48041.98,210.4798874,8.2
2,4,38,0,96264.28,210.4798874,8.2
2,4,94,0,74326.96,210.2831653,8.2
2,4,40,0,78820.23,210.2831653,8.2
2,4,7,0,32545.6,210.2831653,8.2
2,4,8,0,57612.62,210.2831653,8.2
2,4,82,0,19958.49,210.2831653,8.2
2,4,26,0,11576.46,210.2831653,8.2
2,4,25,0,17095.5,210.1495463,8.2
2,4,11,0,19537.78,210.1495463,8.2
2,4,87,0,21865.48,210.1495463,8.2
2,4,16,0,67515.61,210.1495463,8.2
2,4,3,0,11862.26,210.1000648,8.2
2,4,74,0,15863.58,210.1000648,8.2
2,4,16,0,48577.91,210.1000648,8.2
2,4,8,0,59203.94,210.1000648,8.2
2,4,74,0,16582.91,210.0505833,8.2
2,4,72,0,53892.95,210.0505833,8.2
2,4,23,0,24395.64,210.0505833,8.2
2,4,10,0,38587.53,210.0505833,8.2
2,4,21,0,10978.42,210.0505833,8.2
2,5,13,0,47983.65,210.0011018,8.2
2,5,90,0,94613.84,210.0011018,8.2
2,5,40,0,86713.31,210.0011018,8.2
2,5,17,0,12852.02,210.0011018,8.2
2,5,14,0,20054.97,210.0011018,8.2
2,5,23,0,27031.35,210.0011018,8.2
2,5,10,0,38111.65,210.0011018,8.2
2,5,1,0,25876.55,209.9984585,8.2
2,5,56,0,14974.13,209.9984585,8.2
2,5,23,0,28229.56,209.9984585,8.2
2,5,82,0,22753.86,209.9984585,8.2
2,5,7,0,31054.88,209.9984585,8.2
2,5,58,0,19055.0,210.2768443,8.2
2,5,79,0,31833.25,210.2768443,8.2
2,5,14,0,18529.31,210.2768443,8.2
2,5,67,0,14854.45,210.5552301,8.2
2,5,21,0,10882.75,210.5552301,8.2
2,5,93,0,63877.52,210.5552301,8.2
2,5,97,0,40190.49,210.5552301,8.2
2,5,8,0,60202.35,210.5552301,8.2
2,6,6,0,11352.12,210.833616,8.2
2,6,2,0,68994.35,210.833616,8.2
2,6,74,0,17193.65,210.833616,8.2
2,6,79,0,39368.74,210.833616,8.2
2,6,96,0,43134.41,210.833616,8.2
2,6,10,0,41412.93,210.833616,8.2
2,6,21,0,11615.82,211.1120018,8.2
2,6,79,0,33612.3,211.1120018,8.2
2,6,6,0,10125.25,211.1120018,8.2
2,6,7,0,41691.53,211.1120018,8.2
2,6,92,0,161667.04,211.1120018,8.2
2,6,40,0,78177.23,211.1120018,8.2
2,6,9,0,39375.43,211.1120018,8.2
2,6,32,0,11180.35,211.1096543,8.2
2,6,38,0,100604.36,211.1096543,8.2
2,6,91,0,87598.0,211.1096543,8.2
2,6,74,0,18630.86,211.1096543,8.2
2,6,13,0,48398.48,210.9950134,8.2
2,6,5,0,26773.43,210.9950134,8.2
2,6,87,0,25679.07,210.9950134,8.2
2,6,25,0,17223.0,210.9950134,8.2
2,6,10,0,48926.81,210.9950134,8.2
2,6,21,0,11821.97,210.9950134,8.2
2,6,4,0,43272.19,210.9950134,8.2
2,7,3,0,11663.03,210.8803726,8.099
2,7,5,0,25343.84,210.8803726,8.099
2,7,13,0,52460.87,210.8803726,8.099
2,7,90,0,95984.82,210.7657317,8.099
2,7,93,0,75945.12,210.7657317,8.099
2,7,79,0,36759.02,210.7657317,8.099
2,7,1,0,23707.54,210.7657317,8.099
2,7,98,0,14172.96,210.7657317,8.099
2,7,58,0,26240.0,210.7577954,8.099
2,7,87,0,23308.62,210.7577954,8.099
2,7,7,0,28685.54,210.7577954,8.099
2,7,40,0,72268.46,210.7577954,8.099
2,7,22,0,11180.76,210.8921319,8.099
2,7,13,0,46883.57,210.8921319,8.099
2,7,87,0,21750.08,210.8921319,8.099
2,7,11,0,27345.43,210.8921319,8.099
2,7,2,0,67829.52,211.0264684,8.099
2,7,94,0,66578.47,211.0264684,8.099
2,7,80,0,25682.16,211.0264684,8.099
2,7,72,0,65792.29,211.0264684,8.099
2,7,87,0,28981.62,211.0264684,8.099
2,7,13,0,46255.77,211.0264684,8.099
2,8,25,0,14768.0,211.1608049,8.099
2,8,95,0,156666.66,211.1608049,8.099
2,8,74,0,21181.82,211.1608049,8.099
2,8,80,0,27035.41,211.1608049,8.099
2,8,13,0,51948.67,211.1608049,8.099
2,8,16,0,27186.27,211.2951413,8.099
2,8,7,0,27061.98,211.2951413,8.099
2,8,3,0,44340.16,211.2951413,8.099
2,8,4,0,46682.77,211.2951413,8.099
2,8,32,0,10559.73,211.2596586,8.099
2,8,80,0,26463.15,211.2596586,8.099
2,8,93,0,60982.8,211.2596586,8.099
2,8,4,0,50224.42,211.2596586,8.099
2,8,5,0,20008.17,211.2241759,8.099
2,8,87,0,24731.49,211.2241759,8.099
2,8,80,0,24816.6,211.2241759,8.099
2,8,11,0,20351.03,211.2241759,8.099
2,8,21,0,10921.49,211.2241759,8.099
2,8,90,0,91337.63,211.2241759,8.099
2,9,46,0,25915.18,211.1886931,8.099
2,9,58,0,23460.0,211.1886931,8.099
2,9,14,0,20221.83,211.1886931,8.099
2,9,74,0,18098.11,211.1886931,8.099
2,9,11,0,19706.72,211.1886931,8.099
2,9,96,0,38075.85,211.1886931,8.099
2,9,96,1,36303.03,211.1532104,8.099
2,9,93,1,70118.6,211.1532104,8.099
2,9,81,0,30509.71,211.1806415,8.099
2,9,3,0,14566.42,211.1806415,8.099
2,9,96,0,32682.44,211.1806415,8.099
2,9,21,0,10302.25,211.1806415,8.099
2,9,16,0,17588.99,211.2552578,8.099
2,9,40,0,77898.82,211.2552578,8.099
2,9,81,0,29350.11,211.2552578,8.099
2,9,22,0,13615.73,211.2552578,8.099
2,9,49,0,15666.17,211.2552578,8.099
2,9,7,0,26189.63,211.2552578,8.099
2,10,82,0,20599.14,211.3298742,8.163
2,10,46,0,26497.01,211.3298742,8.163
2,10,5,0,29935.83,211.3298742,8.163
2,10,91,0,76509.73,211.3298742,8.163
2,10,38,0,89101.92,211.4044906,8.163
2,10,2,0,64252.04,211.4044906,8.163
2,10,87,0,24865.2,211.4044906,8.163
2,10,82,0,21036.25,211.4044906,8.163
2,10,46,0,25668.65,211.4044906,8.163
2,10,49,0,13049.14,211.4044906,8.163
2,10,8,0,59685.25,211.4044906,8.163
2,10,7,0,28039.79,211.4044906,8.163
2,10,92,0,162005.99,211.4713286,8.163
2,10,18,0,11932.85,211.4713286,8.163
2,10,67,0,10830.85,211.5187208,8.163
2,10,10,0,36689.71,211.5187208,8.163
2,10,97,0,39333.48,211.5187208,8.163
2,10,14,0,17557.0,211.5661131,8.163
2,10,91,0,74405.88,211.5661131,8.163
2,10,92,0,149232.12,211.5661131,8.163
2,11,23,0,33387.8,211.6135053,8.163
2,11,34,0,18675.25,211.6135053,8.163
2,11,93,0,69874.95,211.6135053,8.163
2,11,5,0,26202.38,211.6135053,8.163
2,11,9,0,42709.43,211.6135053,8.163
2,11,3,0,11819.73,211.6608975,8.163
2,11,90,0,96785.87,211.6608975,8.163
2,11,22,0,13571.25,211.6608975,8.163
2,11,23,0,29464.48,211.6608975,8.163
2,11,9,0,31133.41,211.6608975,8.163
2,11,21,0,11716.35,211.6608975,8.163
2,11,92,0,181296.57,211.6608975,8.163
2,11,96,0,31410.58,211.5470304,8.163
2,11,72,0,58571.27,211.5470304,8.163
2,11,9,0,31057.54,211.5470304,8.163
2,11,94,0,63574.61,211.5470304,8.163
2,11,58,0,18702.0,211.5470304,8.163
2,11,26,1,19633.74,211.4062867,8.163
2,11,24,1,18633.55,211.4062867,8.163
2,11,22,1,27523.9,211.4062867,8.163
2,11,55,1,41621.72,211.4062867,8.163
2,11,8,1,61973.18,211.4062867,8.163
2,12,74,0,15929.87,211.265543,8.163
2,12,21,0,11121.14,211.265543,8.163
2,12,1,0,30662.62,211.265543,8.163
2,12,7,0,94720.59,211.265543,8.163
2,12,5,0,48750.32,211.265543,8.163
2,12,58,0,17942.0,211.265543,8.163
2,12,13,0,44300.27,211.1247993,8.163
2,12,3,0,16072.07,211.1247993,8.163
2,12,40,0,86057.76,211.1247993,8.163
2,12,93,0,73173.18,211.1247993,8.163
2,12,17,0,19249.13,211.0645458,8.163
2,12,80,0,29378.38,211.0645458,8.163
2,12,95,0,148068.44,211.0645458,8.163
2,12,38,0,80384.82,211.0645458,8.163
2,12,74,0,16529.55,211.0645458,8.163
2,12,26,0,15333.6,211.0645458,8.163
2,12,94,0,79782.73,211.0646599,8.163
2,12,72,0,223396.79,211.0646599,8.163
2,12,79,0,35899.01,211.0646599,8.163
2,12,87,0,36804.52,211.0646599,8.163
2,12,95,0,160609.31,211.0646599,8.163
2,12,49,0,11604.84,211.0646599,8.163
2,12,13,1,43646.92,211.064774,8.163
2,12,72,1,77957.92,211.064774,8.163
2,12,5,1,38706.43,211.064774,8.163
2,12,1,1,28482.71,211.064774,8.163
2,12,92,1,135121.66,211.064774,8.163
2,1,1,0,19092.94,211.0648881,8.028
2,1,87,0,22308.76,211.0648881,8.028
2,1,22,0,12046.19,211.1176713,8.028
2,1,38,0,91601.47,211.1176713,8.028
2,1,81,0,32710.67,211.1176713,8.028
2,1,98,0,11731.81,211.1176713,8.028
2,1,72,0,55543.95,211.1176713,8.028
2,1,13,0,43357.53,211.1176713,8.028
2,1,92,0,167388.5,211.4864691,8.028
2,1,79,0,30593.07,211.4864691,8.028
2,1,17,0,12629.08,211.4864691,8.028
2,1,34,0,12746.85,211.4864691,8.028
2,1,17,0,13361.35,211.8552668,8.028
2,1,82,0,20865.31,211.8552668,8.028
2,1,9,0,16579.6,211.8552668,8.028
2,2,82,0,23086.7,212.2240646,8.028
2,2,72,0,105790.7,212.2240646,8.028
2,2,13,0,44132.34,212.2240646,8.028
2,2,82,1,26803.78,212.5928624,8.028
2,2,72,1,122524.2,212.5928624,8.028
2,2,96,1,35702.31,212.5928624,8.028
2,2,8,0,59644.84,212.9033115,8.028
2,2,13,0,48013.57,212.9033115,8.028
2,2,93,0,71190.49,212.9033115,8.028
2,2,40,0,81936.13,212.9033115,8.028
2,2,87,0,24164.44,213.190421,8.028
2,2,14,0,18468.61,213.190421,8.028
2,2,93,0,62476.3,213.190421,8.028
2,2,4,0,43477.94,213.190421,8.028
2,3,2,0,70042.14,213.4775305,8.028
2,3,22,0,14340.86,213.4775305,8.028
2,3,23,0,25809.29,213.4775305,8.028
2,3,7,0,30314.48,213.4775305,8.028
2,3,80,0,26439.11,213.4775305,8.028
2,3,42,0,10088.38,213.4775305,8.028
2,3,32,0,10956.5,213.4775305,8.028
2,3,58,0,19254.0,213.7646401,8.028
2,3,2,0,67898.82,213.7646401,8.028
2,3,34,0,15220.8,213.7646401,8.028
2,3,91,0,80935.4,213.7646401,8.028
2,3,82,0,23290.23,214.0156238,8.028
2,3,17,0,11930.46,214.0156238,8.028
2,3,34,0,15490.7,214.0156238,8.028
2,3,5,0,26901.54,214.0156238,8.028
2,3,16,0,43939.89,214.0156238,8.028
2,3,23,0,24012.89,214.2521573,8.028
2,3,56,0,22153.83,214.2521573,8.028
2,3,2,0,60715.5,214.2521573,8.028
2,3,46,0,26195.08,214.2521573,8.028
2,3,92,0,140248.07,214.2521573,8.028
2,3,79,0,30524.9,214.2521573,8.028
2,4,23,0,26136.34,214.4886908,7.931
2,4,98,0,12632.17,214.4886908,7.931
2,4,91,0,75083.92,214.4886908,7.931
2,4,23,0,24264.9,214.7252242,7.931
2,4,5,0,28905.88,214.7252242,7.931
2,4,4,0,42165.0,214.7252242,7.931
2,4,17,0,11837.49,214.7252242,7.931
2,4,74,0,16735.98,214.7252242,7.931
2,4,11,0,21166.11,214.7252242,7.931
2,4,49,0,14785.66,214.9420631,7.931
2,4,74,0,13300.79,214.9420631,7.931
2,4,40,0,74495.92,214.9420631,7.931
2,4,34,0,16281.16,215.1096657,7.931
2,4,10,0,35052.93,215.1096657,7.931
2,4,7,0,36955.68,215.1096657,7.931
2,4,4,0,43827.02,215.1096657,7.931
2,4,18,0,18087.17,215.1096657,7.931
2,4,34,0,17605.0,215.2772683,7.931
2,4,1,0,57905.55,215.2772683,7.931
2,4,14,0,16214.02,215.2772683,7.931
2,4,56,0,11673.18,215.2772683,7.931
2,4,95,0,125106.75,215.2772683,7.931
2,5,21,0,10281.07,215.4448709,7.931
2,5,96,0,30783.58,215.4448709,7.931
2,5,10,0,35943.99,215.4448709,7.931
2,5,95,0,134884.29,215.4448709,7.931
2,5,92,0,158933.97,215.4448709,7.931
2,5,32,0,14420.82,215.4448709,7.931
2,5,17,0,12790.97,215.6124735,7.931
2,5,46,0,30410.02,215.6124735,7.931
2,5,8,0,54463.47,215.6124735,7.931
2,5,80,0,21954.67,215.3834778,7.931
2,5,95,0,133383.97,215.3834778,7.931
2,5,7,0,29980.1,215.3834778,7.931
2,5,97,0,39593.17,215.3834778,7.931
2,5,17,0,11691.14,215.1544822,7.931
2,5,96,0,36231.97,215.1544822,7.931
2,5,4,0,44543.25,215.1544822,7.931
2,6,87,0,24481.0,214.9254865,7.931
2,6,46,0,33994.8,214.9254865,7.931
2,6,14,0,18548.61,214.9254865,7.931
2,6,7,0,56592.98,214.9254865,7.931
2,6,10,0,45551.04,214.6964908,7.931
2,6,58,0,18705.0,214.6964908,7.931
2,6,25,0,17671.59,214.6964908,7.931
2,6,96,0,37271.77,214.6964908,7.931
2,6,25,0,15306.08,214.6513538,7.931
2,6,91,0,83373.23,214.6513538,7.931
2,6,4,0,43157.75,214.6513538,7.931
2,6,67,0,20308.74,214.6513538,7.931
2,6,87,0,22923.53,214.7441108,7.931
2,6,34,0,18777.06,214.7441108,7.931
2,6,92,0,136015.49,214.7441108,7.931
2,6,79,0,28972.05,214.7441108,7.931
2,6,2,0,61507.28,214.7441108,7.931
2,6,5,0,23619.99,214.7441108,7.931
2,7,34,0,19968.31,214.8368678,7.852
2,7,74,0,16111.65,214.8368678,7.852
2,7,17,0,11445.0,214.8368678,7.852
2,7,95,0,149535.24,214.8368678,7.852
2,7,5,0,21354.28,214.8368678,7.852
2,7,92,0,153339.39,214.9296249,7.852
2,7,34,0,18384.55,214.9296249,7.852
2,7,49,0,11513.45,214.9296249,7.852
2,7,38,0,79942.67,214.9296249,7.852
2,7,8,0,55797.41,214.9296249,7.852
2,7,4,0,44431.5,214.9296249,7.852
2,7,80,0,26706.05,214.9296249,7.852
2,7,74,0,16742.89,215.0134426,7.852
2,7,2,0,63850.33,215.0134426,7.852
2,7,92,0,146359.81,215.0749122,7.852
2,7,2,0,64188.7,215.0749122,7.852
2,7,14,0,17949.03,215.0749122,7.852
2,7,72,0,54029.94,215.1363819,7.852
2,7,10,0,36607.29,215.1363819,7.852
2,7,90,0,88283.25,215.1363819,7.852
2,8,93,0,70127.21,215.1978515,7.852
2,8,9,0,25306.12,215.1978515,7.852
2,8,94,0,75819.38,215.1978515,7.852
2,8,16,0,23871.68,215.1978515,7.852
2,8,49,0,15051.75,215.2593211,7.852
2,8,5,0,20501.22,215.2593211,7.852
2,8,13,0,42715.26,215.2593211,7.852
2,8,91,0,84372.07,215.2593211,7.852
2,8,1,0,21324.65,215.3229307,7.852
2,8,74,0,19307.72,215.3229307,7.852
2,8,93,0,67449.2,215.3229307,7.852
2,8,82,0,20485.09,215.386897,7.852
2,8,23,0,36257.41,215.386897,7.852
2,8,87,0,21253.25,215.386897,7.852
2,8,58,0,17577.47,215.386897,7.852
2,9,93,0,67773.34,215.4508632,7.852
2,9,3,0,28003.45,215.4508632,7.852
2,9,58,0,15492.5,215.4508632,7.852
2,9,13,1,45300.83,215.5148295,7.852
2,9,5,1,20122.27,215.5148295,7.852
2,9,90,1,98739.15,215.5148295,7.852
2,9,4,0,42110.79,215.6944378,7.852
2,9,40,0,72681.2,215.6944378,7.852
2,9,10,0,34411.98,215.6944378,7.852
2,9,92,0,150256.66,216.0282356,7.852
2,9,13,0,42643.4,216.0282356,7.852
2,9,91,0,75082.21,216.0282356,7.852
2,9,40,0,71884.6,216.0282356,7.852
2,9,3,0,12265.92,216.0282356,7.852
2,9,3,0,12315.2,216.3620333,7.852
2,9,5,0,23170.82,216.3620333,7.852
2,9,80,0,24367.26,216.3620333,7.852
2,9,95,0,135333.7,216.3620333,7.852
2,9,10,0,34904.05,216.3620333,7.852
2,10,23,0,21637.38,216.6958311,7.441
2,10,10,0,39906.42,216.6958311,7.441
2,10,93,0,75167.1,216.6958311,7.441
2,10,82,0,20754.09,216.6958311,7.441
2,10,40,0,79177.89,216.6958311,7.441
2,10,10,0,37500.42,217.0048261,7.441
2,10,1,0,29264.62,217.0048261,7.441
2,10,98,0,13293.83,217.1650042,7.441
2,10,97,0,41129.59,217.1650042,7.441
2,10,10,0,35300.77,217.1650042,7.441
2,10,2,0,59276.11,217.3251824,7.441
2,10,98,0,14610.53,217.3251824,7.441
2,10,46,0,25225.14,217.3251824,7.441
2,10,58,0,19319.0,217.3251824,7.441
2,10,74,0,14520.84,217.3251824,7.441
2,11,40,0,77150.3,217.4853605,7.441
2,11,23,0,31250.27,217.4853605,7.441
2,11,18,0,25749.47,217.4853605,7.441
2,11,93,0,68492.8,217.4853605,7.441
2,11,11,0,19154.44,217.6455387,7.441
2,11,81,0,29833.49,217.6455387,7.441
2,11,9,0,30855.18,217.6455387,7.441
2,11,14,0,22006.37,217.6455387,7.441
2,11,34,0,17120.83,217.6455387,7.441
2,11,92,0,190979.69,217.6455387,7.441
2,11,67,0,10043.42,217.6455387,7.441
2,11,17,0,13599.24,217.6455387,7.441
2,11,90,0,110275.79,217.8670218,7.441
2,11,4,0,47936.9,217.8670218,7.441
2,11,82,0,21930.35,217.8670218,7.441
2,11,9,1,54610.62,218.1130269,7.441
2,11,8,1,56437.28,218.1130269,7.441
2,11,32,1,14477.16,218.1130269,7.441
2,11,94,1,75560.87,218.1130269,7.441
2,11,80,1,23896.69,218.1130269,7.441
2,12,40,0,77967.74,218.3590319,7.441
2,12,81,0,27636.48,218.3590319,7.441
2,12,18,0,56172.54,218.605037,7.441
2,12,98,0,17641.47,218.605037,7.441
2,12,80,0,25793.95,218.605037,7.441
2,12,67,0,12368.29,218.605037,7.441
2,12,46,0,38013.58,218.605037,7.441
2,12,23,0,49105.99,218.8217928,7.441
2,12,74,0,15329.42,218.8217928,7.441
2,12,38,0,82400.1,218.8217928,7.441
2,12,18,0,50865.48,218.8217928,7.441
2,12,98,0,21115.49,218.8217928,7.441
2,12,4,0,47834.96,218.8217928,7.441
2,12,24,0,14642.07,218.8217928,7.441
2,12,14,0,40104.81,218.8217928,7.441
2,12,74,0,22031.62,218.9995495,7.441
2,12,81,0,35105.09,218.9995495,7.441
2,12,91,0,90220.63,218.9995495,7.441
2,12,29,0,20028.07,218.9995495,7.441
2,12,24,0,17986.73,218.9995495,7.441
2,12,97,0,49034.16,218.9995495,7.441
2,12,32,1,16506.96,219.1773063,7.441
2,12,98,1,12327.18,219.1773063,7.441
2,12,17,1,18756.69,219.1773063,7.441
2,12,11,1,22700.47,219.1773063,7.441
2,12,8,1,54508.17,219.1773063,7.441
2,1,74,0,23400.88,219.355063,7.057
2,1,92,0,177356.35,219.355063,7.057
2,1,91,0,80698.23,219.355063,7.057
2,1,92,0,182046.51,219.5328198,7.057
2,1,7,0,17919.42,219.5328198,7.057
2,1,17,0,11112.18,219.5328198,7.057
2,1,14,0,19330.06,219.5328198,7.057
2,1,2,0,62505.79,219.5328198,7.057
2,1,3,0,17817.46,219.6258417,7.057
2,1,80,0,24488.64,219.6258417,7.057
2,1,4,0,43199.76,219.6258417,7.057
2,1,80,0,23876.24,219.7188636,7.057
2,1,92,0,160379.95,219.7188636,7.057
2,1,14,0,19828.28,219.7188636,7.057
2,2,82,0,21578.72,219.8118854,7.057
2,2,81,0,31790.24,219.8118854,7.057
2,2,98,0,12967.66,219.8118854,7.057
2,2,93,0,71851.93,219.8118854,7.057
2,2,14,0,24060.84,219.8118854,7.057
2,2,80,1,28357.12,219.9049073,7.057
2,2,7,1,31318.06,219.9049073,7.057
2,2,13,1,46221.28,219.9049073,7.057
2,2,93,1,75593.95,219.9049073,7.057
2,2,81,0,31438.84,220.0651993,7.057
2,2,92,0,186888.75,220.0651993,7.057
2,2,96,0,31418.75,220.0651993,7.057
2,2,72,0,87957.78,220.275944,7.057
2,2,11,0,20226.11,220.275944,7.057
2,2,38,0,88472.44,220.275944,7.057
2,2,87,0,26528.78,220.275944,7.057
2,3,11,0,18766.28,220.4866886,7.057
2,3,58,0,21365.0,220.4866886,7.057
2,3,74,0,19126.0,220.4866886,7.057
2,3,17,0,15866.49,220.4866886,7.057
2,3,7,0,29143.18,220.4866886,7.057
2,3,58,0,21295.0,220.6974332,7.057
2,3,1,0,26173.93,220.6974332,7.057
2,3,74,0,17024.89,220.6974332,7.057
2,3,3,0,12444.21,220.6974332,7.057
2,3,91,0,85651.33,220.6974332,7.057
2,3,7,0,27863.43,220.6974332,7.057
2,3,55,0,12075.13,220.8498468,7.057
2,3,96,0,34494.29,220.8498468,7.057
2,3,72,0,82306.68,220.8498468,7.057
2,3,94,0,68527.43,220.8498468,7.057
2,3,40,0,75780.29,220.9244858,7.057
2,3,90,0,93097.81,220.9244858,7.057
2,3,34,0,15477.49,220.9244858,7.057
2,3,32,0,10118.93,220.9244858,7.057
2,3,92,0,152398.87,220.9991248,7.057
2,3,93,0,66987.27,220.9991248,7.057
2,3,1,0,37052.68,220.9991248,7.057
2,3,81,0,30983.0,220.9991248,7.057
2,3,9,0,45710.68,220.9991248,7.057
2,4,2,0,70382.23,221.0737638,6.891
2,4,1,0,75970.97,221.0737638,6.891
2,4,72,0,50362.9,221.1484028,6.891
2,4,5,0,23202.76,221.1484028,6.891
2,4,49,0,17919.53,221.1484028,6.891
2,4,17,0,12726.55,221.1484028,6.891
2,4,93,0,70238.91,221.2021074,6.891
2,4,2,0,67363.12,221.2021074,6.891
2,4,80,0,26871.86,221.2021074,6.891
2,4,94,0,71199.37,221.2021074,6.891
2,4,97,0,40849.7,221.2021074,6.891
2,4,40,0,79392.43,221.2021074,6.891
2,4,8,0,59764.81,221.255812,6.891
2,4,80,0,25621.5,221.255812,6.891
2,4,56,0,13205.07,221.255812,6.891
2,4,97,0,38854.47,221.255812,6.891
2,4,34,0,18412.91,221.255812,6.891
2,5,93,0,70496.7,221.3095166,6.891
2,5,67,0,13205.3,221.3095166,6.891
2,5,13,0,48375.31,221.3095166,6.891
2,5,93,0,78083.46,221.3632212,6.891
2,5,56,0,12483.55,221.3632212,6.891
2,5,95,0,151941.94,221.3632212,6.891
2,5,98,0,14438.11,221.3632212,6.891
2,5,32,0,13865.52,221.3632212,6.891
2,5,17,0,16087.01,221.380331,6.891
2,5,80,0,26820.17,221.380331,6.891
2,5,11,0,19161.59,221.380331,6.891
2,5,46,0,31451.72,221.380331,6.891
2,5,72,0,46714.53,221.3828029,6.891
2,5,8,0,61029.66,221.3828029,6.891
2,6,91,0,74915.0,221.3852748,6.891
2,6,9,0,41354.92,221.3852748,6.891
2,6,10,0,39777.67,221.3877467,6.891
2,6,25,0,15163.48,221.3877467,6.891
2,6,34,0,21486.96,221.3877467,6.891
2,6,87,0,21707.23,221.4009901,6.891
2,6,74,0,15761.46,221.4009901,6.891
2,6,13,0,46617.55,221.4009901,6.891
2,6,1,0,24016.43,221.4009901,6.891
2,6,9,0,35735.0,221.4009901,6.891
2,6,94,0,74458.98,221.4009901,6.891
2,6,87,0,25173.56,221.4411622,6.891
2,6,80,0,23619.58,221.4411622,6.891
2,6,23,0,36067.2,221.4411622,6.891
2,6,49,0,15261.35,221.4411622,6.891
2,6,38,0,69686.03,221.4813343,6.891
2,6,23,0,30546.33,221.4813343,6.891
2,6,81,0,31349.91,221.4813343,6.891
2,6,80,0,23468.6,221.4813343,6.891
2,7,13,0,49805.45,221.5215064,6.565
2,7,79,0,41393.92,221.5215064,6.565
2,7,95,0,168543.95,221.5215064,6.565
2,7,4,0,51526.65,221.5215064,6.565
2,7,23,0,33375.79,221.5215064,6.565
2,7,93,0,96245.84,221.5215064,6.565
2,7,3,0,20595.14,221.5616784,6.565
2,7,72,0,55459.63,221.5616784,6.565
2,7,46,0,28275.07,221.5616784,6.565
2,7,98,0,12565.15,221.5616784,6.565
2,7,14,0,17747.66,221.5616784,6.565
2,7,58,0,27125.0,221.5616784,6.565
2,7,81,0,31830.01,221.5701123,6.565
2,7,90,0,97233.41,221.5701123,6.565
2,7,74,0,16287.4,221.5701123,6.565
2,7,94,0,70445.94,221.5701123,6.565
2,7,98,0,11684.06,221.5785461,6.565
2,7,11,0,25901.75,221.5785461,6.565
2,7,87,0,21132.01,221.5785461,6.565
2,7,95,0,149195.96,221.5785461,6.565
2,7,14,0,18600.51,221.5785461,6.565
2,7,91,0,75838.74,221.5785461,6.565
2,8,97,0,41807.62,221.5869799,6.565
2,8,72,0,67304.8,221.5869799,6.565
2,8,16,0,30756.74,221.5869799,6.565
2,8,95,0,159757.29,221.5869799,6.565
2,8,82,0,27865.04,221.5869799,6.565
2,8,96,0,39196.45,221.5869799,6.565
2,8,97,0,41704.03,221.5954138,6.565
2,8,46,0,29375.34,221.5954138,6.565
2,8,34,0,16053.82,221.5954138,6.565
2,8,40,0,75690.26,221.5954138,6.565
2,8,49,0,11503.07,221.5954138,6.565
2,8,72,0,69411.27,221.6751459,6.565
2,8,92,0,173002.07,221.6751459,6.565
2,8,16,0,21813.9,221.6751459,6.565
2,8,38,0,64288.79,221.6751459,6.565
2,8,80,0,25112.09,221.6751459,6.565
2,8,98,0,12561.86,221.6751459,6.565
2,8,96,0,32917.03,221.8083518,6.565
2,8,49,0,21343.88,221.8083518,6.565
2,8,14,0,17374.02,221.8083518,6.565
2,8,82,0,26428.81,221.9415576,6.565
2,8,25,0,15559.65,221.9415576,6.565
2,8,14,0,17516.64,221.9415576,6.565
2,8,10,0,37932.82,221.9415576,6.565
2,8,46,0,27842.0,221.9415576,6.565
2,8,93,0,73745.88,221.9415576,6.565
2,8,24,0,14712.13,221.9415576,6.565
2,9,94,1,74909.27,222.0747635,6.565
2,9,74,1,16565.41,222.0747635,6.565
2,9,10,1,38206.66,222.0747635,6.565
2,9,92,1,182189.34,222.0747635,6.565
2,9,91,0,81943.56,222.2174395,6.565
2,9,14,0,15959.23,222.2174395,6.565
