1,2,95,0,106690.06,211.0963582,8.106
1,2,94,0,56655.39,211.0963582,8.106
1,2,81,0,30052.75,211.0963582,8.106
1,2,82,0,19484.03,211.0963582,8.106
1,2,46,1,18826.47,211.2421698,8.106
1,2,5,1,29620.81,211.2421698,8.106
1,2,81,1,30694.25,211.2421698,8.106
1,2,95,1,111390.36,None,8.106
1,2,8,0,38717.6,211.2891429,8.106
1,2,80,0,15918.98,211.2891429,8.106
1,2,32,0,20275.45,211.2891429,8.106
1,2,55,0,17404.53,211.2891429,8.106
1,2,1,0,41595.55,211.2891429,8.106
1,2,90,0,76091.36,211.2891429,8.106
1,2,49,0,16245.13,211.3196429,8.106
1,2,55,0,16708.1,211.3196429,8.106
1,2,13,0,37467.32,211.3196429,8.106
1,2,97,0,28457.31,211.3196429,8.106
1,2,1,0,19403.54,211.3196429,8.106
1,2,90,0,71718.48,211.3196429,8.106
1,3,8,0,38776.09,211.3501429,8.106
1,3,5,0,23082.14,211.3501429,8.106
1,3,16,0,17129.81,211.3501429,8.106
1,3,38,0,108282.86,211.3501429,8.106
1,3,4,0,38086.19,211.3501429,8.106
1,3,74,0,13824.33,211.3501429,8.106
1,3,79,0,31669.24,211.3806429,8.106
1,3,16,0,23766.82,211.3806429,8.106
1,3,14,0,15331.75,211.3806429,8.106
1,3,74,0,12253.4,211.3806429,8.106
1,3,14,0,12738.78,211.215635,8.106
1,3,95,0,117716.13,211.215635,8.106
1,3,82,0,18348.98,211.215635,8.106
1,3,11,0,19738.42,211.215635,8.106
1,3,91,0,63250.87,211.215635,8.106
1,3,16,0,26679.52,211.0180424,8.106
1,3,14,0,12832.47,211.0180424,8.106
1,3,98,0,10063.69,211.0180424,8.106
1,3,40,0,57837.28,211.0180424,8.106
1,3,87,0,23926.34,211.0180424,8.106
1,4,95,0,111466.37,210.8204499,7.808
1,4,81,0,30023.4,210.6228574,7.808
1,4,25,0,12906.0,210.6228574,7.808
1,4,91,0,60177.2,210.6228574,7.808
1,4,97,0,33866.82,210.4887,7.808
1,4,79,0,32135.69,210.4887,7.808
1,4,4,0,34740.19,210.4887,7.808
1,4,95,0,110204.77,210.4391228,7.808
1,4,97,0,29464.0,210.4391228,7.808
1,4,46,0,17825.26,210.4391228,7.808
1,4,79,0,28230.72,210.4391228,7.808
1,4,38,0,87205.88,210.4391228,7.808
1,4,55,0,11439.61,210.3895456,7.808
1,4,74,0,10712.5,210.3895456,7.808
1,4,7,0,22723.48,210.3895456,7.808
1,4,56,0,10546.89,210.3895456,7.808
1,4,5,0,22006.41,210.3895456,7.808
1,4,82,0,17115.38,210.3895456,7.808
1,5,93,0,70383.0,210.3399684,7.808
1,5,4,0,37168.34,210.3399684,7.808
1,5,5,0,19260.44,210.3399684,7.808
1,5,91,0,66019.35,210.3399684,7.808
1,5,23,0,19986.37,210.3374261,7.808
1,5,1,0,18926.74,210.3374261,7.808
1,5,5,0,16891.66,210.3374261,7.808
1,5,79,0,30719.18,210.3374261,7.808
1,5,10,0,26568.32,210.3374261,7.808
1,5,1,0,14773.04,210.6170934,7.808
1,5,5,0,16157.17,210.6170934,7.808
1,5,94,0,57772.04,210.6170934,7.808
1,5,46,0,18845.98,210.6170934,7.808
1,5,7,0,36911.59,210.8967606,7.808
1,5,14,0,12218.11,210.8967606,7.808
1,5,81,0,28638.96,210.8967606,7.808
1,5,79,0,28195.06,210.8967606,7.808
1,5,40,0,56109.3,210.8967606,7.808
1,5,9,0,29811.88,210.8967606,7.808
1,6,55,0,12515.03,211.1764278,7.808
1,6,13,0,41388.81,211.1764278,7.808
1,6,14,0,14491.35,211.1764278,7.808
1,6,81,0,30186.24,211.1764278,7.808
1,6,91,0,59985.57,211.1764278,7.808
1,6,40,0,58507.93,211.1764278,7.808
1,6,55,0,14347.95,211.4560951,7.808
1,6,4,0,36579.96,211.4560951,7.808
1,6,79,0,34564.68,211.4560951,7.808
1,6,9,0,26789.3,211.4560951,7.808
1,6,92,0,134711.49,211.4560951,7.808
1,6,98,0,10784.84,211.4560951,7.808
1,6,87,0,35133.09,211.4537719,7.808
1,6,40,0,53618.54,211.4537719,7.808
1,6,95,0,134118.05,211.4537719,7.808
1,6,55,0,12528.26,211.3386526,7.808
1,6,74,0,11758.06,211.3386526,7.808
1,6,1,0,16328.72,211.3386526,7.808
1,6,49,0,10498.22,211.3386526,7.808
1,6,2,0,45299.92,211.3386526,7.808
1,7,79,0,37745.99,211.2235333,7.787
1,7,27,0,42866.79,211.2235333,7.787
1,7,49,0,11393.34,211.2235333,7.787
1,7,8,0,35580.01,211.2235333,7.787
1,7,98,0,10139.42,211.2235333,7.787
1,7,90,0,77414.63,211.108414,7.787
1,7,79,0,35320.41,211.108414,7.787
1,7,2,0,46752.12,211.108414,7.787
1,7,10,0,33138.28,211.108414,7.787
1,7,9,0,27298.6,211.108414,7.787
1,7,96,0,33614.93,211.108414,7.787
1,7,46,0,19259.43,211.108414,7.787
1,7,12,0,10239.51,211.1003854,7.787
1,7,8,0,33171.72,211.1003854,7.787
1,7,72,0,32796.05,211.1003854,7.787
1,7,5,0,17313.46,211.2351443,7.787
1,7,3,0,16930.62,211.2351443,7.787
1,7,96,0,32929.9,211.2351443,7.787
1,7,4,0,36624.71,211.2351443,7.787
1,7,46,0,17424.93,211.2351443,7.787
1,7,81,0,27202.87,211.3699032,7.787
1,7,96,0,31662.07,211.3699032,7.787
1,7,92,0,109943.02,211.3699032,7.787
1,7,38,0,76542.81,211.3699032,7.787
1,8,93,0,69274.95,211.5046621,7.787
1,8,2,0,50031.73,211.5046621,7.787
1,8,1,0,17508.41,211.5046621,7.787
1,8,40,0,52672.69,211.6394211,7.787
1,8,82,0,16914.11,211.6394211,7.787
1,8,80,0,16193.2,211.6394211,7.787
1,8,2,0,45475.69,211.6394211,7.787
1,8,49,0,10074.71,211.6394211,7.787
1,8,55,0,10592.72,211.6033633,7.787
1,8,4,0,39706.1,211.6033633,7.787
1,8,25,0,10173.93,211.6033633,7.787
1,8,74,0,16678.75,211.6033633,7.787
1,8,25,0,11156.75,211.5673056,7.787
1,8,95,0,117929.58,211.5673056,7.787
1,8,46,0,18845.23,211.5673056,7.787
1,8,82,0,16038.14,211.5673056,7.787
1,9,94,0,64285.98,211.5312479,7.787
1,9,95,0,124220.1,211.5312479,7.787
1,9,46,0,18797.69,211.5312479,7.787
1,9,93,1,74834.54,211.4951902,7.787
1,9,95,1,125027.49,211.4951902,7.787
1,9,46,1,18400.52,211.4951902,7.787
1,9,80,1,16198.34,211.4951902,7.787
1,9,91,0,66229.7,211.5224596,7.787
1,9,93,0,68491.35,211.5224596,7.787
1,9,95,0,124372.9,211.5224596,7.787
1,9,11,0,16553.48,211.5224596,7.787
1,9,81,0,28747.53,211.5224596,7.787
1,9,82,0,17499.58,211.5224596,7.787
1,9,80,0,14457.98,211.5224596,7.787
1,9,87,0,36673.43,211.5972246,7.787
1,9,5,0,17039.38,211.5972246,7.787
1,10,92,0,118966.9,211.6719895,7.838
1,10,87,0,46866.41,211.6719895,7.838
1,10,74,0,10672.47,211.6719895,7.838
1,10,96,0,27930.71,211.6719895,7.838
1,10,17,0,10195.94,211.7467544,7.838
1,10,14,0,12108.86,211.7467544,7.838
1,10,81,0,29979.34,211.7467544,7.838
1,10,72,0,32775.14,211.8137436,7.838
1,10,96,0,31226.99,211.8137436,7.838
1,10,40,0,54444.19,211.8612937,7.838
1,10,95,0,110052.15,211.8612937,7.838
1,10,7,0,17598.98,211.9088438,7.838
1,10,18,0,22455.8,211.9088438,7.838
1,10,80,0,15570.63,211.9088438,7.838
1,11,46,0,18063.45,211.9563939,7.838
1,11,18,0,12033.61,211.9563939,7.838
1,11,92,0,144909.63,212.003944,7.838
1,11,94,0,52564.16,212.003944,7.838
1,11,8,0,35527.64,212.003944,7.838
1,11,11,0,23243.67,211.8896737,7.838
1,11,94,0,55213.82,211.8896737,7.838
1,11,5,0,24716.49,211.8896737,7.838
1,11,55,1,32756.5,211.7484333,7.838
1,11,38,1,55973.77,211.7484333,7.838
1,11,92,1,170904.79,211.7484333,7.838
1,11,26,1,11918.3,211.7484333,7.838
1,11,23,1,33328.17,211.7484333,7.838
1,12,17,0,11045.34,211.607193,7.838
1,12,46,0,18473.14,211.607193,7.838
1,12,17,0,11917.53,211.4659526,7.838
1,12,67,0,11790.19,211.4053124,7.838
1,12,6,0,12078.11,211.4053124,7.838
1,12,93,0,75554.92,211.4053124,7.838
1,12,91,0,63569.52,211.4051222,7.838
1,12,11,0,32696.55,211.4051222,7.838
1,12,24,0,15366.58,211.4051222,7.838
1,12,93,0,85323.12,211.4051222,7.838
1,12,90,0,103958.12,211.4051222,7.838
1,12,79,1,24738.86,211.4049321,7.838
1,12,2,1,35819.83,211.4049321,7.838
1,12,74,1,15132.59,211.4049321,7.838
1,12,46,1,24323.2,211.4049321,7.838
1,1,46,0,17391.06,211.4047419,7.742
1,1,93,0,72231.45,211.4047419,7.742
1,1,95,0,107317.32,211.4047419,7.742
1,1,81,0,30035.22,211.4574109,7.742
1,1,2,0,39857.4,211.4574109,7.742
1,1,95,0,109955.9,211.4574109,7.742
1,1,11,0,20886.48,211.8272343,7.742
1,1,40,0,61387.36,211.8272343,7.742
1,1,38,0,79827.55,211.8272343,7.742
1,1,90,0,76077.62,211.8272343,7.742
1,1,80,0,15318.89,211.8272343,7.742
1,1,98,0,10329.78,211.8272343,7.742
1,1,93,0,57342.51,212.1970577,7.742
1,1,46,0,16089.4,212.1970577,7.742
1,2,7,0,17239.86,212.5668812,7.742
1,2,98,0,11197.76,212.5668812,7.742
1,2,87,1,58043.31,212.9367046,7.742
1,2,18,1,14587.89,212.9367046,7.742
1,2,49,1,12977.3,212.9367046,7.742
1,2,16,0,14819.04,213.2478853,7.742
1,2,7,0,24549.68,213.2478853,7.742
1,2,12,0,11484.78,213.2478853,7.742
1,2,55,0,19414.61,213.2478853,7.742
1,2,95,0,107742.95,213.535609,7.742
1,2,98,0,11445.78,213.535609,7.742
1,2,97,0,29680.01,213.535609,7.742
1,2,72,0,50577.46,213.535609,7.742
1,3,14,0,17281.12,213.8233327,7.742
1,3,93,0,68960.09,213.8233327,7.742
1,3,55,0,16789.56,213.8233327,7.742
1,3,1,0,20327.61,213.8233327,7.742
1,3,25,0,12060.08,213.8233327,7.742
1,3,92,0,130158.38,213.8233327,7.742
1,3,91,0,66158.1,213.8233327,7.742
1,3,13,0,37577.97,214.1110564,7.742
1,3,46,0,20840.88,214.1110564,7.742
1,3,34,0,11072.38,214.1110564,7.742
1,3,79,0,35519.37,214.1110564,7.742
1,3,90,0,80618.9,214.3627114,7.742
1,3,97,0,38218.31,214.3627114,7.742
1,3,80,0,17498.01,214.3627114,7.742
1,3,90,0,74628.5,214.5999389,7.742
1,3,5,0,18719.22,214.5999389,7.742
1,3,9,0,37050.06,214.5999389,7.742
1,3,87,0,44675.37,214.5999389,7.742
1,3,2,0,44293.54,214.5999389,7.742
1,3,82,0,21433.52,214.5999389,7.742
1,4,8,0,35319.05,214.8371664,7.682
1,4,55,0,12428.0,214.8371664,7.682
1,4,9,0,28388.25,214.8371664,7.682
1,4,49,0,12761.42,215.0743939,7.682
1,4,72,0,36512.94,215.0743939,7.682
1,4,55,0,11546.48,215.0743939,7.682
1,4,56,0,13853.2,215.0743939,7.682
1,4,74,0,32563.54,215.0743939,7.682
1,4,91,0,69459.11,215.0743939,7.682
1,4,1,0,28762.37,215.2918561,7.682
1,4,72,0,39638.92,215.2918561,7.682
1,4,82,0,18839.28,215.2918561,7.682
1,4,93,0,76596.92,215.2918561,7.682
1,4,10,0,32040.83,215.2918561,7.682
1,4,87,0,44597.39,215.4599053,7.682
1,4,82,0,19960.32,215.4599053,7.682
1,4,92,0,124161.59,215.4599053,7.682
1,4,91,0,61390.07,215.4599053,7.682
1,4,18,0,13367.64,215.4599053,7.682
1,4,82,0,20028.3,215.6279544,7.682
1,4,93,0,63144.61,215.6279544,7.682
1,4,7,0,22934.42,215.6279544,7.682
1,4,79,0,28255.73,215.6279544,7.682
1,5,72,0,43167.81,215.7960035,7.682
1,5,16,0,37972.19,215.7960035,7.682
1,5,46,0,20003.0,215.9640526,7.682
1,5,80,0,16862.36,215.9640526,7.682
1,5,9,0,23424.18,215.9640526,7.682
1,5,81,0,31004.25,215.9640526,7.682
1,5,72,0,32615.01,215.7339202,7.682
1,5,8,0,35631.59,215.7339202,7.682
1,5,91,0,60481.74,215.7339202,7.682
1,5,14,0,12746.66,215.5037878,7.682
1,5,90,0,76414.57,215.5037878,7.682
1,5,5,0,16613.98,215.5037878,7.682
1,5,7,0,26736.85,215.5037878,7.682
1,5,13,0,36203.13,215.5037878,7.682
1,5,40,0,54003.35,215.5037878,7.682
1,6,46,0,21789.56,215.2736553,7.682
1,6,90,0,83651.06,215.2736553,7.682
1,6,4,0,42508.02,215.2736553,7.682
1,6,9,0,30796.28,215.2736553,7.682
1,6,23,0,21231.14,215.0435229,7.682
1,6,9,0,27241.97,215.0435229,7.682
1,6,81,0,30405.2,215.0435229,7.682
1,6,13,0,38080.39,215.0435229,7.682
1,6,17,0,10592.73,214.9980596,7.682
1,6,25,0,11024.11,214.9980596,7.682
1,6,2,0,42939.63,214.9980596,7.682
1,6,12,0,10327.88,214.9980596,7.682
1,6,11,0,35902.81,214.9980596,7.682
1,6,8,0,34014.16,215.0910982,7.682
1,6,2,0,42415.81,215.0910982,7.682
1,6,95,0,121814.84,215.0910982,7.682
1,6,13,0,37316.12,215.0910982,7.682
1,6,38,0,69283.24,215.0910982,7.682
1,6,81,0,27718.78,215.0910982,7.682
1,7,5,0,19239.86,215.1841368,7.962
1,7,80,0,16980.03,215.1841368,7.962
1,7,10,0,29583.91,215.1841368,7.962
1,7,34,0,11695.86,215.1841368,7.962
1,7,82,0,21765.06,215.2771754,7.962
1,7,7,0,20691.6,215.2771754,7.962
1,7,14,0,11404.37,215.3611087,7.962
1,7,49,0,11921.08,215.3611087,7.962
1,7,3,0,11578.11,215.3611087,7.962
1,7,82,0,17312.56,215.4222784,7.962
1,7,94,0,64679.25,215.4222784,7.962
1,7,81,0,27636.86,215.4222784,7.962
1,7,92,0,111929.27,215.4834482,7.962
1,7,2,0,43191.02,215.4834482,7.962
1,7,93,0,58927.26,215.4834482,7.962
1,7,46,0,17801.56,215.4834482,7.962
1,7,5,0,17406.68,215.4834482,7.962
1,8,10,0,32548.48,215.544618,7.962
1,8,72,0,41315.33,215.544618,7.962
1,8,82,0,20902.12,215.544618,7.962
1,8,9,0,21425.32,215.544618,7.962
1,8,4,0,39339.09,215.544618,7.962
1,8,11,0,33020.31,215.544618,7.962
1,8,40,0,51106.65,215.6057878,7.962
1,8,13,0,37593.97,215.6057878,7.962
1,8,1,0,14689.24,215.6693107,7.962
1,8,11,0,18661.68,215.6693107,7.962
1,8,96,0,29969.5,215.6693107,7.962
1,8,98,0,11210.22,215.6693107,7.962
1,8,33,0,11860.56,215.6693107,7.962
1,8,96,0,29743.7,215.7332258,7.962
1,8,13,0,38727.3,215.7332258,7.962
1,8,87,0,45772.44,215.7332258,7.962
1,8,5,0,15478.26,215.7332258,7.962
1,9,11,0,20626.08,215.7971409,7.962
1,9,80,0,18477.42,215.7971409,7.962
1,9,38,0,86374.76,215.7971409,7.962
1,9,16,1,17838.29,215.861056,7.962
1,9,96,1,32182.39,215.861056,7.962
1,9,82,1,18293.46,215.861056,7.962
1,9,82,0,19609.72,216.0410526,7.962
1,9,49,0,15443.88,216.0410526,7.962
1,9,94,0,69043.67,216.0410526,7.962
1,9,49,0,11592.49,216.3758246,7.962
1,9,55,0,10095.51,216.3758246,7.962
1,9,79,0,29161.56,216.3758246,7.962
1,9,94,0,61440.47,216.3758246,7.962
1,9,98,0,10068.83,216.7105965,7.962
1,9,91,0,57721.07,216.7105965,7.962
1,10,12,0,11240.29,217.0453684,7.866
1,10,10,0,31083.31,217.0453684,7.866
1,10,80,0,18893.16,217.3552733,7.866
1,10,95,0,125954.3,217.3552733,7.866
1,10,13,0,38272.21,217.5159762,7.866
1,10,2,0,42487.67,217.5159762,7.866
1,10,10,0,28827.99,217.5159762,7.866
1,10,12,0,11380.28,217.5159762,7.866
1,10,87,0,45578.05,217.5159762,7.866
1,10,46,0,16600.43,217.5159762,7.866
1,10,94,0,58438.32,217.6766791,7.866
1,10,79,0,28364.34,217.6766791,7.866
1,11,40,0,60596.74,217.837382,7.866
1,11,25,0,11718.41,217.837382,7.866
1,11,87,0,61144.52,217.837382,7.866
1,11,4,0,39354.84,217.837382,7.866
1,11,14,0,14903.78,217.9980849,7.866
1,11,13,0,37255.89,217.9980849,7.866
1,11,72,0,42060.48,217.9980849,7.866
1,11,5,0,31002.65,217.9980849,7.866
1,11,98,0,12744.28,217.9980849,7.866
1,11,87,0,45489.31,217.9980849,7.866
1,11,4,0,36826.52,217.9980849,7.866
1,11,55,0,16338.81,218.2205088,7.866
1,11,95,0,113966.34,218.2205088,7.866
1,11,93,0,87401.82,218.2205088,7.866
1,11,38,0,70210.07,218.2205088,7.866
1,11,82,0,19776.44,218.2205088,7.866
1,11,91,1,59802.65,218.4676211,7.866
1,11,7,1,71151.34,218.4676211,7.866
1,11,87,1,48722.58,218.4676211,7.866
1,11,21,1,10158.02,218.4676211,7.866
1,12,90,0,83052.32,218.7147333,7.866
1,12,72,0,55188.08,218.7147333,7.866
1,12,40,0,63497.31,218.7147333,7.866
1,12,79,0,38806.56,218.7147333,7.866
1,12,11,0,38807.31,218.9618456,7.866
1,12,23,0,33303.15,218.9618456,7.866
1,12,72,0,60494.84,218.9618456,7.866
1,12,5,0,41782.13,218.9618456,7.866
1,12,40,0,61261.65,218.9618456,7.866
1,12,10,0,31747.07,218.9618456,7.866
1,12,23,0,32907.32,219.1794533,7.866
1,12,95,0,120721.07,219.1794533,7.866
1,12,82,0,36636.58,219.1794533,7.866
1,12,40,0,59020.69,219.1794533,7.866
1,12,11,0,31435.36,219.3577216,7.866
1,12,38,0,65636.08,219.3577216,7.866
1,12,46,0,43637.95,219.3577216,7.866
1,12,1,0,46788.75,219.3577216,7.866
1,12,79,0,34196.74,219.3577216,7.866
1,12,10,0,30434.19,219.3577216,7.866
1,12,97,0,40044.91,219.3577216,7.866
1,12,34,1,10554.13,219.5359898,7.866
1,12,1,1,23350.88,219.5359898,7.866
1,12,13,1,32871.95,219.5359898,7.866
1,12,92,1,120037.4,219.5359898,7.866
1,1,94,0,62835.69,219.7142581,7.348
1,1,49,0,11945.79,219.7142581,7.348
1,1,5,0,23105.81,219.7142581,7.348
1,1,14,0,14585.64,219.7142581,7.348
1,1,98,0,11552.43,219.7142581,7.348
1,1,87,0,56985.41,219.7142581,7.348
1,1,96,0,26772.06,219.8925263,7.348
1,1,38,0,73539.46,219.8925263,7.348
1,1,2,0,43753.43,219.9856893,7.348
1,1,97,0,34151.42,219.9856893,7.348
1,1,14,0,12695.7,219.9856893,7.348
1,1,96,0,31327.75,219.9856893,7.348
1,1,46,0,16304.6,219.9856893,7.348
1,1,11,0,17860.35,220.0788523,7.348
1,1,91,0,59013.67,220.0788523,7.348
1,1,95,0,102202.04,220.0788523,7.348
1,1,40,0,55272.9,220.0788523,7.348
1,1,38,0,67827.4,220.0788523,7.348
1,2,91,0,67139.26,220.1720153,7.348
1,2,82,0,20420.49,220.1720153,7.348
1,2,11,1,25933.04,220.2651783,7.348
1,2,7,1,21619.05,220.2651783,7.348
1,2,74,1,14659.73,220.2651783,7.348
1,2,79,1,39360.34,220.2651783,7.348
1,2,32,1,13300.13,220.2651783,7.348
1,2,40,1,66858.78,220.2651783,7.348
1,2,38,1,78072.5,220.2651783,7.348
1,2,98,0,14590.46,220.4257586,7.348
1,2,81,0,31533.84,220.4257586,7.348
1,2,32,0,23676.04,220.4257586,7.348
1,2,82,0,22346.26,220.4257586,7.348
1,2,95,0,110870.94,220.636902,7.348
1,2,96,0,30990.47,220.636902,7.348
1,2,79,0,31907.99,220.636902,7.348
1,2,55,0,13506.9,220.636902,7.348
1,2,74,0,15856.66,220.636902,7.348
1,2,82,0,18049.72,220.636902,7.348
1,2,91,0,61455.44,220.636902,7.348
1,3,16,0,30451.14,220.8480454,7.348
1,3,49,0,10141.3,220.8480454,7.348
1,3,82,0,20526.27,220.8480454,7.348
1,3,9,0,30503.3,220.8480454,7.348
1,3,9,0,28291.68,221.0591887,7.348
1,3,1,0,22366.88,221.2118132,7.348
1,3,93,0,81227.75,221.2118132,7.348
1,3,97,0,38407.78,221.2118132,7.348
1,3,49,0,10766.86,221.2864126,7.348
1,3,8,0,33758.45,221.2864126,7.348
1,3,4,0,37718.51,221.3610119,7.348
1,3,46,0,19312.81,221.3610119,7.348
1,3,91,0,63770.92,221.3610119,7.348
1,4,72,0,40174.72,221.4356112,7.143
1,4,97,0,40962.41,221.4356112,7.143
1,4,49,0,12892.99,221.4356112,7.143
1,4,95,0,137958.76,221.4356112,7.143
1,4,56,0,10051.32,221.5102105,7.143
1,4,92,0,147310.74,221.5102105,7.143
1,4,13,0,39099.61,221.5102105,7.143
1,4,4,0,36350.03,221.5640737,7.143
1,4,79,0,32581.33,221.5640737,7.143
1,4,13,0,39499.85,221.5640737,7.143
1,4,23,0,20768.42,221.5640737,7.143
1,4,49,0,12973.13,221.6179368,7.143
1,4,5,0,17170.39,221.6179368,7.143
1,4,7,0,18704.53,221.6179368,7.143
1,4,8,0,38531.76,221.6179368,7.143
1,4,79,0,30866.19,221.6179368,7.143
1,4,87,0,43602.83,221.6179368,7.143
1,5,96,0,40750.4,221.6718,7.143
1,5,93,0,74929.53,221.6718,7.143
1,5,11,0,31670.38,221.6718,7.143
1,5,91,0,69524.98,221.6718,7.143
1,5,34,0,16632.06,221.6718,7.143
1,5,79,0,47342.76,221.6718,7.143
1,5,96,0,38016.64,221.7256632,7.143
1,5,16,0,38885.33,221.7256632,7.143
1,5,34,0,14922.78,221.7256632,7.143
1,5,92,0,139743.46,221.742674,7.143
1,5,98,0,13567.25,221.742674,7.143
1,5,40,0,57097.72,221.742674,7.143
1,5,90,0,81580.58,221.744944,7.143
1,5,11,0,26925.54,221.744944,7.143
1,5,9,0,29338.57,221.744944,7.143
1,6,8,0,41039.74,221.7472139,7.143
1,6,72,0,39791.94,221.7472139,7.143
1,6,14,0,14903.87,221.7472139,7.143
1,6,9,0,35001.66,221.7472139,7.143
1,6,90,0,86982.24,221.7472139,7.143
1,6,40,0,58094.41,221.7472139,7.143
1,6,92,0,153676.53,221.7494839,7.143
1,6,96,0,39009.96,221.7494839,7.143
1,6,94,0,62553.95,221.7494839,7.143
1,6,7,0,26249.22,221.7626421,7.143
1,6,46,0,20497.56,221.7626421,7.143
1,6,25,0,10329.88,221.7626421,7.143
1,6,98,0,12047.16,221.7626421,7.143
1,6,34,0,12181.66,221.7626421,7.143
1,6,87,0,51601.93,221.7626421,7.143
1,6,90,0,81860.08,221.8030211,7.143
1,6,92,0,126763.7,221.8030211,7.143
1,6,94,0,58804.32,221.8030211,7.143
1,6,46,0,20200.75,221.8030211,7.143
1,6,10,0,33135.34,221.8434,7.143
1,6,9,0,25081.23,221.8434,7.143
1,7,72,0,38528.4,221.8837789,6.908
1,7,13,0,43326.92,221.8837789,6.908
1,7,10,0,39189.33,221.8837789,6.908
1,7,23,0,22965.73,221.8837789,6.908
1,7,9,0,32851.76,221.8837789,6.908
1,7,87,0,61791.29,221.8837789,6.908
1,7,81,0,32427.67,221.9241579,6.908
1,7,14,0,14332.72,221.9241579,6.908
1,7,97,0,38504.79,221.9241579,6.908
1,7,4,0,38080.05,221.9327267,6.908
1,7,79,0,30048.55,221.9327267,6.908
1,7,14,0,12083.33,221.9327267,6.908
1,7,11,0,26026.46,221.9327267,6.908
1,7,93,0,75292.57,221.9327267,6.908
1,7,80,0,18050.22,221.9412954,6.908
1,7,5,0,14105.4,221.9412954,6.908
1,7,81,0,28986.06,221.9412954,6.908
1,7,79,0,29295.12,221.9412954,6.908
1,7,11,0,33443.23,221.9412954,6.908
1,8,79,0,45517.07,221.9498642,6.908
1,8,16,0,25418.49,221.9498642,6.908
1,8,46,0,20254.83,221.9498642,6.908
1,8,1,0,16119.92,221.9584329,6.908
1,8,40,0,57803.56,221.9584329,6.908
1,8,80,0,19874.45,221.9584329,6.908
1,8,90,0,89889.86,221.9584329,6.908
1,8,38,0,85392.47,222.0384109,6.908
1,8,12,0,11447.03,222.0384109,6.908
1,8,97,0,32858.35,222.1719457,6.908
1,8,98,0,10722.99,222.1719457,6.908
1,8,49,0,11500.31,222.1719457,6.908
1,8,92,0,127017.65,222.1719457,6.908
1,8,34,0,10288.31,222.1719457,6.908
1,8,87,0,48193.9,222.1719457,6.908
1,8,16,0,16797.62,222.3054805,6.908
1,8,96,0,37045.91,222.3054805,6.908
1,9,72,1,40231.04,222.4390153,6.908
1,9,7,1,16941.42,222.4390153,6.908
1,9,91,1,74590.68,222.4390153,6.908
1,9,96,0,32864.96,222.5820193,6.908
1,9,5,0,19369.52,222.5820193,6.908
1,9,9,0,31882.98,222.5820193,6.908
1,9,87,0,45670.34,222.5820193,6.908
1,9,95,0,119121.35,222.7818386,6.908
1,9,90,0,86242.68,222.7818386,6.908
1,9,91,0,61875.25,222.7818386,6.908
1,9,97,0,36362.41,222.7818386,6.908
1,9,2,0,45784.76,222.9816579,6.908
1,9,9,0,40712.85,222.9816579,6.908
1,9,82,0,18084.61,222.9816579,6.908
1,10,16,0,11320.41,223.1814772,6.573
1,10,72,0,54480.13,223.1814772,6.573
1,10,74,0,10574.5,223.1814772,6.573
1,10,2,0,48577.08,223.1814772,6.573
1,10,23,0,19478.62,223.1814772,6.573
1,10,10,0,27803.78,223.3812965,6.573
1,10,13,0,38015.36,223.3812965,6.573
1,10,55,0,11695.12,223.3812965,6.573
1,10,4,0,35446.18,223.3812965,6.573
1,10,87,0,44267.78,223.3812965,6.573
1,10,82,0,19702.26,223.4442513,6.573
1,10,46,0,17950.88,223.4442513,6.573
2,2,21,0,12636.72,210.7526053,8.324
2,2,40,0,96799.15,210.7526053,8.324
2,2,96,0,29295.96,210.7526053,8.324
2,2,5,0,34025.45,210.7526053,8.324
2,2,40,1,80924.71,210.8979935,8.324
2,2,58,1,34433.91,210.8979935,8.324
2,2,46,1,28121.34,210.8979935,8.324
2,2,92,1,182142.89,210.8979935,8.324
2,2,23,1,30285.16,210.8979935,8.324
2,2,91,1,92680.72,210.8979935,8.324
2,2,22,0,16502.25,210.9451605,8.324
2,2,72,0,121968.09,210.9451605,8.324
2,2,74,0,22038.04,210.9451605,8.324
2,2,97,0,38142.37,210.9451605,8.324
2,2,91,0,83761.86,210.9451605,8.324
2,2,13,0,50308.0,210.9759573,8.324
2,2,14,0,23585.55,210.9759573,8.324
2,2,90,0,95404.18,210.9759573,8.324
2,2,46,0,28812.0,210.9759573,8.324
2,2,80,0,25901.56,210.9759573,8.324
2,3,3,0,14895.96,211.0067542,8.324
2,3,38,0,116410.09,211.0067542,8.324
2,3,2,0,68428.64,211.0067542,8.324
2,3,97,0,37393.4,211.0067542,8.324
2,3,2,0,66622.03,211.037551,8.324
2,3,46,0,28886.51,211.037551,8.324
2,3,74,0,18846.86,211.037551,8.324
2,3,3,0,13061.56,211.037551,8.324
2,3,26,0,11071.3,211.037551,8.324
2,3,46,0,28519.39,210.8733316,8.324
2,3,1,0,28446.92,210.8733316,8.324
2,3,23,0,23955.93,210.8733316,8.324
2,3,17,0,16941.45,210.8733316,8.324
2,3,11,0,17716.31,210.6766095,8.324
2,3,16,0,22084.09,210.6766095,8.324
2,3,72,0,59243.04,210.6766095,8.324
2,3,67,0,10373.82,210.6766095,8.324
2,3,80,0,25569.44,210.6766095,8.324
2,4,96,0,33744.25,210.4798874,8.2
2,4,98,0,16610.9,210.4798874,8.2
2,4,72,0,53523.17,210.4798874,8.2
2,4,92,0,166476.34,210.4798874,8.2
2,4,2,0,68286.2,210.4798874,8.2
2,4,3,0,12873.09,210.2831653,8.2
2,4,90,0,94108.7,210.2831653,8.2
2,4,13,0,47217.48,210.2831653,8.2
2,4,96,0,33763.75,210.2831653,8.2
2,4,34,0,18878.98,210.2831653,8.2
2,4,58,0,18561.0,210.1495463,8.2
2,4,72,0,50148.99,210.1495463,8.2
2,4,56,0,23768.08,210.1495463,8.2
2,4,82,0,18528.45,210.1495463,8.2
2,4,4,0,43463.55,210.1495463,8.2
2,4,23,0,25322.71,210.1495463,8.2
2,4,94,0,71190.38,210.1495463,8.2
2,4,72,0,55464.59,210.1000648,8.2
2,4,97,0,37049.24,210.1000648,8.2
2,4,2,0,66471.86,210.1000648,8.2
2,4,25,0,16876.0,210.1000648,8.2
2,4,17,0,10041.35,210.1000648,8.2
2,4,23,0,26937.87,210.1000648,8.2
2,4,96,0,32000.83,210.0505833,8.2
2,4,1,0,24066.2,210.0505833,8.2
2,4,87,0,22515.94,210.0505833,8.2
2,4,80,0,25185.14,210.0505833,8.2
2,5,72,0,59209.61,210.0011018,8.2
2,5,79,0,40442.42,210.0011018,8.2
2,5,91,0,85224.39,210.0011018,8.2
2,5,4,0,47486.4,210.0011018,8.2
2,5,98,0,15675.11,210.0011018,8.2
2,5,11,0,25793.95,210.0011018,8.2
2,5,87,0,21911.19,209.9984585,8.2
2,5,38,0,102736.89,209.9984585,8.2
2,5,98,0,16822.04,209.9984585,8.2
2,5,82,0,20834.66,210.2768443,8.2
2,5,7,0,40359.64,210.2768443,8.2
2,5,21,0,10005.31,210.2768443,8.2
2,5,97,0,40587.94,210.2768443,8.2
2,5,25,0,17879.25,210.5552301,8.2
2,5,80,0,26316.11,210.5552301,8.2
2,5,9,0,42793.13,210.5552301,8.2
2,5,11,0,28225.04,210.5552301,8.2
2,5,34,0,27931.0,210.5552301,8.2
2,6,13,0,51485.83,210.833616,8.2
2,6,80,0,27325.07,210.833616,8.2
2,6,25,0,19886.75,210.833616,8.2
2,6,49,0,16966.05,210.833616,8.2
2,6,7,0,62903.1,210.833616,8.2
2,6,95,0,165734.15,210.833616,8.2
2,6,90,0,95073.71,211.1120018,8.2
2,6,25,0,18220.0,211.1120018,8.2
2,6,93,0,69204.47,211.1120018,8.2
2,6,49,0,13829.69,211.1120018,8.2
2,6,1,0,23918.56,211.1096543,8.2
2,6,7,0,41165.84,211.1096543,8.2
2,6,17,0,12362.54,211.1096543,8.2
2,6,98,0,14457.7,211.1096543,8.2
2,6,34,0,20924.32,211.1096543,8.2
2,6,32,0,13827.86,210.9950134,8.2
2,6,38,0,90427.67,210.9950134,8.2
2,6,34,0,20006.66,210.9950134,8.2
2,6,92,0,141750.65,210.9950134,8.2
2,6,16,0,54304.31,210.9950134,8.2
2,7,1,0,23803.34,210.8803726,8.099
2,7,96,0,41654.81,210.8803726,8.099
2,7,10,0,46035.1,210.8803726,8.099
2,7,95,0,160887.69,210.8803726,8.099
2,7,40,0,79559.23,210.8803726,8.099
2,7,46,0,27532.6,210.7657317,8.099
2,7,11,0,21782.47,210.7657317,8.099
2,7,10,0,38186.56,210.7657317,8.099
2,7,82,0,20402.85,210.7577954,8.099
2,7,16,0,36305.11,210.7577954,8.099
2,7,74,0,21859.91,210.7577954,8.099
2,7,17,0,11528.69,210.7577954,8.099
2,7,10,0,38342.25,210.7577954,8.099
2,7,97,0,41409.59,210.7577954,8.099
2,7,7,0,30319.88,210.8921319,8.099
2,7,21,0,11060.01,210.8921319,8.099
2,7,9,0,29712.33,210.8921319,8.099
2,7,55,0,11206.55,210.8921319,8.099
2,7,92,0,140024.94,210.8921319,8.099
2,7,12,0,10480.81,211.0264684,8.099
2,7,1,0,22749.21,211.0264684,8.099
2,7,21,0,11725.69,211.0264684,8.099
2,7,79,0,28423.74,211.0264684,8.099
2,8,9,0,29052.46,211.1608049,8.099
2,8,97,0,42458.33,211.1608049,8.099
2,8,1,0,22795.72,211.1608049,8.099
2,8,90,0,99883.25,211.1608049,8.099
2,8,98,0,12302.31,211.1608049,8.099
2,8,4,0,49676.14,211.1608049,8.099
2,8,17,0,13068.22,211.2951413,8.099
2,8,1,0,21933.3,211.2951413,8.099
2,8,90,0,96049.36,211.2951413,8.099
2,8,24,0,14371.26,211.2951413,8.099
2,8,72,0,70540.57,211.2596586,8.099
2,8,17,0,14337.45,211.2596586,8.099
2,8,40,0,74005.2,211.2596586,8.099
2,8,3,0,67235.4,211.2596586,8.099
2,8,8,0,52400.46,211.2241759,8.099
2,8,24,0,19731.92,211.2241759,8.099
2,8,82,0,18606.76,211.2241759,8.099
2,8,94,0,67105.64,211.2241759,8.099
2,8,23,0,37043.28,211.2241759,8.099
2,8,98,0,11897.55,211.2241759,8.099
2,9,82,0,19551.6,211.1886931,8.099
2,9,79,0,37757.42,211.1886931,8.099
2,9,9,0,61719.22,211.1886931,8.099
2,9,72,0,69176.28,211.1886931,8.099
2,9,22,0,10452.24,211.1886931,8.099
2,9,49,0,16900.78,211.1886931,8.099
2,9,16,1,20287.38,211.1532104,8.099
2,9,14,1,20507.83,211.1532104,8.099
2,9,80,1,25599.37,211.1532104,8.099
2,9,72,1,66592.68,211.1532104,8.099
2,9,97,1,42141.91,211.1532104,8.099
2,9,25,0,12650.03,211.1806415,8.099
2,9,91,0,82014.9,211.1806415,8.099
2,9,49,0,18255.81,211.1806415,8.099
2,9,92,0,140346.71,211.2552578,8.099
2,9,74,0,14226.07,211.2552578,8.099
2,9,72,0,62637.81,211.2552578,8.099
2,9,13,0,47396.93,211.2552578,8.099
2,10,58,0,24176.0,211.3298742,8.163
2,10,98,0,13144.28,211.3298742,8.163
2,10,72,0,55586.84,211.3298742,8.163
2,10,42,0,10643.84,211.4044906,8.163
2,10,34,0,17116.0,211.4044906,8.163
2,10,9,0,35123.12,211.4044906,8.163
2,10,17,0,11289.27,211.4713286,8.163
2,10,25,0,12614.9,211.4713286,8.163
2,10,74,0,15280.76,211.4713286,8.163
2,10,98,0,15489.34,211.4713286,8.163
2,10,79,0,31993.13,211.4713286,8.163
2,10,25,0,14434.14,211.5187208,8.163
2,10,91,0,75961.43,211.5187208,8.163
2,10,87,0,22511.25,211.5661131,8.163
2,10,23,0,26298.0,211.5661131,8.163
2,10,38,0,83892.34,211.5661131,8.163
2,10,93,0,57164.69,211.5661131,8.163
2,10,9,0,29275.72,211.5661131,8.163
2,10,79,0,28266.58,211.5661131,8.163
2,10,22,0,10484.95,211.5661131,8.163
2,11,24,0,10758.45,211.6135053,8.163
2,11,90,0,95325.15,211.6135053,8.163
2,11,82,0,23570.19,211.6135053,8.163
2,11,40,0,89291.66,211.6135053,8.163
2,11,95,0,139588.62,211.6135053,8.163
2,11,93,0,77372.72,211.6608975,8.163
2,11,79,0,30830.95,211.6608975,8.163
2,11,5,0,34141.84,211.6608975,8.163
2,11,87,0,22118.82,211.5470304,8.163
2,11,79,0,30265.76,211.5470304,8.163
2,11,46,0,27915.9,211.5470304,8.163
2,11,23,0,30594.32,211.5470304,8.163
2,11,97,0,42169.96,211.5470304,8.163
2,11,34,0,17563.17,211.5470304,8.163
2,11,21,1,13362.66,211.4062867,8.163
2,11,72,1,285353.53,211.4062867,8.163
2,11,32,1,12360.36,211.4062867,8.163
2,11,25,1,18878.98,211.4062867,8.163
2,11,46,1,30605.04,211.4062867,8.163
2,11,95,1,133058.56,211.4062867,8.163
2,11,6,1,27228.0,211.4062867,8.163
2,12,25,0,15601.15,211.265543,8.163
2,12,24,0,13103.91,211.265543,8.163
2,12,94,0,51699.33,211.265543,8.163
2,12,32,0,16745.5,211.265543,8.163
2,12,38,0,101442.76,211.265543,8.163
2,12,4,0,45630.41,211.265543,8.163
2,12,46,0,38813.91,211.1247993,8.163
2,12,67,0,14166.13,211.1247993,8.163
2,12,55,0,31274.22,211.1247993,8.163
2,12,96,0,32643.3,211.1247993,8.163
2,12,14,0,33966.75,211.1247993,8.163
2,12,90,0,101250.9,211.1247993,8.163
2,12,32,0,27008.42,211.0645458,8.163
2,12,55,0,39175.53,211.0645458,8.163
2,12,11,0,31671.65,211.0645458,8.163
2,12,93,0,76384.14,211.0645458,8.163
2,12,29,0,15541.42,211.0645458,8.163
2,12,6,0,42885.88,211.0646599,8.163
2,12,97,0,48712.87,211.0646599,8.163
2,12,90,0,136749.65,211.0646599,8.163
2,12,91,0,84750.62,211.0646599,8.163
2,12,59,0,27370.56,211.0646599,8.163
2,12,95,1,122040.2,211.064774,8.163
2,12,93,1,59233.86,211.064774,8.163
2,12,96,1,46645.18,211.064774,8.163
2,1,25,0,10612.29,211.0648881,8.028
2,1,40,0,84723.83,211.0648881,8.028
2,1,98,0,11429.63,211.0648881,8.028
2,1,93,0,67470.03,211.0648881,8.028
2,1,11,0,24475.41,211.0648881,8.028
2,1,91,0,82980.32,211.0648881,8.028
2,1,2,0,56606.3,211.1176713,8.028
2,1,34,0,11310.5,211.1176713,8.028
2,1,91,0,86676.77,211.1176713,8.028
2,1,7,0,16796.38,211.1176713,8.028
2,1,25,0,11978.96,211.4864691,8.028
2,1,9,0,17682.64,211.4864691,8.028
2,1,98,0,12508.8,211.4864691,8.028
2,1,46,0,25814.23,211.4864691,8.028
2,1,97,0,38734.86,211.4864691,8.028
2,1,49,0,16975.79,211.8552668,8.028
2,1,90,0,91470.84,211.8552668,8.028
2,1,14,0,20790.92,211.8552668,8.028
2,2,10,0,34606.41,212.2240646,8.028
2,2,91,0,88934.27,212.2240646,8.028
2,2,67,0,10173.28,212.2240646,8.028
2,2,32,0,10708.28,212.2240646,8.028
2,2,38,1,106706.53,212.5928624,8.028
2,2,49,1,12509.91,212.5928624,8.028
2,2,5,1,40400.46,212.5928624,8.028
2,2,90,1,109500.31,212.5928624,8.028
2,2,2,0,69487.17,212.9033115,8.028
2,2,94,0,92321.75,212.9033115,8.028
2,2,82,0,21115.17,213.190421,8.028
2,2,72,0,90116.84,213.190421,8.028
2,2,11,0,17050.25,213.190421,8.028
2,2,80,0,25952.22,213.190421,8.028
2,2,94,0,63401.45,213.190421,8.028
2,2,3,0,11936.79,213.190421,8.028
2,3,81,0,32200.95,213.4775305,8.028
2,3,72,0,95742.36,213.4775305,8.028
2,3,87,0,26183.26,213.4775305,8.028
2,3,79,0,44868.09,213.4775305,8.028
2,3,16,0,29704.92,213.4775305,8.028
2,3,82,0,21423.07,213.7646401,8.028
2,3,14,0,20061.64,213.7646401,8.028
2,3,40,0,84226.54,213.7646401,8.028
2,3,1,0,25405.55,214.0156238,8.028
2,3,93,0,77785.15,214.0156238,8.028
2,3,46,0,28836.54,214.0156238,8.028
2,3,1,0,23880.58,214.2521573,8.028
2,3,34,0,17577.79,214.2521573,8.028
2,3,40,0,76085.88,214.2521573,8.028
2,4,97,0,37950.69,214.4886908,7.931
2,4,5,0,31811.68,214.4886908,7.931
2,4,3,0,10844.24,214.4886908,7.931
2,4,7,0,27458.9,214.4886908,7.931
2,4,80,0,25499.12,214.7252242,7.931
2,4,98,0,13418.13,214.7252242,7.931
2,4,87,0,20969.93,214.7252242,7.931
2,4,38,0,100050.64,214.7252242,7.931
2,4,87,0,19751.99,214.9420631,7.931
2,4,7,0,29259.78,214.9420631,7.931
2,4,93,0,74417.22,214.9420631,7.931
2,4,38,0,97038.99,214.9420631,7.931
2,4,4,0,40774.05,214.9420631,7.931
2,4,81,0,30182.72,215.1096657,7.931
2,4,79,0,28458.27,215.1096657,7.931
2,4,82,0,21534.15,215.1096657,7.931
2,4,5,0,29179.9,215.1096657,7.931
2,4,97,0,36069.16,215.2772683,7.931
2,4,23,0,25165.59,215.2772683,7.931
2,4,13,0,41067.65,215.2772683,7.931
2,4,17,0,12134.16,215.2772683,7.931
2,4,58,0,17675.0,215.2772683,7.931
2,5,11,0,17998.02,215.4448709,7.931
2,5,80,0,25517.27,215.4448709,7.931
2,5,34,0,17589.38,215.4448709,7.931
2,5,2,0,63235.76,215.4448709,7.931
2,5,5,0,21543.95,215.4448709,7.931
2,5,34,0,17944.43,215.6124735,7.931
2,5,92,0,152502.5,215.6124735,7.931
2,5,58,0,14554.97,215.6124735,7.931
2,5,17,0,10118.85,215.3834778,7.931
2,5,13,0,41448.03,215.3834778,7.931
2,5,9,0,27780.03,215.3834778,7.931
2,5,96,0,30433.2,215.3834778,7.931
2,5,2,0,61960.83,215.3834778,7.931
2,5,67,0,13055.04,215.1544822,7.931
2,5,25,0,14288.44,215.1544822,7.931
2,5,5,0,21387.42,215.1544822,7.931
2,6,91,0,74527.46,214.9254865,7.931
2,6,49,0,12157.99,214.9254865,7.931
2,6,8,0,60911.56,214.9254865,7.931
2,6,16,0,60383.42,214.9254865,7.931
2,6,67,0,13364.65,214.9254865,7.931
2,6,23,0,33681.83,214.6964908,7.931
2,6,72,0,50590.36,214.6964908,7.931
2,6,4,0,43837.33,214.6964908,7.931
2,6,34,0,21333.76,214.6964908,7.931
2,6,87,0,23298.62,214.6513538,7.931
2,6,81,0,31290.41,214.6513538,7.931
2,6,5,0,25785.19,214.6513538,7.931
2,6,80,0,25801.57,214.6513538,7.931
2,6,14,0,17730.08,214.6513538,7.931
2,6,81,0,28504.91,214.7441108,7.931
2,6,25,0,15209.36,214.7441108,7.931
2,6,21,0,11085.94,214.7441108,7.931
2,6,96,0,35501.33,214.7441108,7.931
2,6,80,0,25418.97,214.7441108,7.931
2,7,16,0,45377.7,214.8368678,7.852
2,7,4,0,46307.86,214.8368678,7.852
2,7,79,0,33025.64,214.8368678,7.852
2,7,22,0,10634.8,214.8368678,7.852
2,7,96,0,44779.39,214.9296249,7.852
2,7,91,0,79825.16,214.9296249,7.852
2,7,7,0,31485.13,214.9296249,7.852
2,7,95,0,150745.54,214.9296249,7.852
2,7,5,0,21756.13,215.0134426,7.852
2,7,96,0,33596.82,215.0134426,7.852
2,7,82,0,22686.58,215.0134426,7.852
2,7,10,0,39398.04,215.0134426,7.852
2,7,74,0,13698.46,215.0749122,7.852
2,7,16,0,31599.97,215.0749122,7.852
2,7,38,0,79351.04,215.0749122,7.852
2,7,92,0,138802.82,215.1363819,7.852
2,7,34,0,16455.95,215.1363819,7.852
2,7,80,0,23622.5,215.1363819,7.852
2,8,81,0,30169.87,215.1978515,7.852
2,8,25,0,13327.18,215.1978515,7.852
2,8,13,0,45093.55,215.1978515,7.852
2,8,98,0,11757.51,215.1978515,7.852
2,8,95,0,151286.82,215.1978515,7.852
2,8,14,0,19150.57,215.1978515,7.852
2,8,97,0,42932.73,215.2593211,7.852
2,8,8,0,52087.46,215.2593211,7.852
2,8,11,0,18602.71,215.3229307,7.852
2,8,72,0,58805.29,215.3229307,7.852
2,8,2,0,67360.35,215.3229307,7.852
2,8,25,0,17474.71,215.3229307,7.852
2,8,97,0,41423.91,215.3229307,7.852
2,8,10,0,35886.13,215.3229307,7.852
2,8,46,0,27272.98,215.3229307,7.852
2,8,3,0,62742.35,215.386897,7.852
2,8,16,0,18011.32,215.386897,7.852
2,8,97,0,41527.14,215.386897,7.852
2,8,2,0,69418.62,215.386897,7.852
2,8,91,0,76262.36,215.386897,7.852
2,8,32,0,10532.7,215.386897,7.852
2,8,9,0,29957.41,215.386897,7.852
2,9,81,0,28991.82,215.4508632,7.852
2,9,79,0,36188.56,215.4508632,7.852
2,9,55,0,10091.9,215.4508632,7.852
2,9,80,0,25309.73,215.4508632,7.852
2,9,87,0,25586.38,215.4508632,7.852
2,9,5,0,20155.06,215.4508632,7.852
2,9,49,1,11966.42,215.5148295,7.852
2,9,14,1,17840.64,215.5148295,7.852
2,9,87,1,20688.38,215.5148295,7.852
2,9,2,1,60703.72,215.5148295,7.852
2,9,25,0,12319.88,215.6944378,7.852
2,9,17,0,12527.68,215.6944378,7.852
2,9,80,0,26701.08,215.6944378,7.852
2,9,9,0,31039.65,215.6944378,7.852
2,9,94,0,66253.87,215.6944378,7.852
2,9,91,0,84278.61,215.6944378,7.852
2,9,49,0,14321.52,216.0282356,7.852
2,9,38,0,82779.88,216.0282356,7.852
2,9,25,0,11374.85,216.0282356,7.852
2,9,11,0,15562.85,216.0282356,7.852
2,9,34,0,11535.61,216.3620333,7.852
2,9,7,0,23724.17,216.3620333,7.852
2,9,90,0,91669.76,216.3620333,7.852
2,9,72,0,50395.12,216.3620333,7.852
2,10,5,0,29890.6,216.6958311,7.441
2,10,34,0,13147.45,216.6958311,7.441
2,10,22,0,13124.1,216.6958311,7.441
2,10,1,0,28071.56,216.6958311,7.441
2,10,74,0,15356.05,217.0048261,7.441
2,10,90,0,97912.18,217.0048261,7.441
2,10,25,0,12163.39,217.0048261,7.441
2,10,2,0,62476.91,217.0048261,7.441
2,10,9,0,30544.39,217.0048261,7.441
2,10,80,0,26100.98,217.1650042,7.441
2,10,46,0,26400.4,217.1650042,7.441
2,10,25,0,14971.53,217.1650042,7.441
2,10,79,0,30246.24,217.1650042,7.441
2,10,18,0,15682.44,217.1650042,7.441
2,10,93,0,65348.7,217.1650042,7.441
2,10,22,0,12870.24,217.1650042,7.441
2,10,3,0,10871.46,217.3251824,7.441
2,10,25,0,15000.03,217.3251824,7.441
2,10,26,0,11103.1,217.3251824,7.441
2,10,93,0,60839.12,217.3251824,7.441
2,11,11,0,25748.38,217.4853605,7.441
2,11,80,0,25057.56,217.4853605,7.441
2,11,25,0,14819.58,217.4853605,7.441
2,11,87,0,27870.86,217.4853605,7.441
2,11,8,0,60676.06,217.4853605,7.441
2,11,2,0,65483.49,217.4853605,7.441
2,11,5,0,42089.25,217.6455387,7.441
2,11,46,0,27531.7,217.6455387,7.441
2,11,5,0,33040.97,217.8670218,7.441
2,11,8,0,53574.12,217.8670218,7.441
2,11,74,0,14190.41,217.8670218,7.441
2,11,2,0,61442.83,217.8670218,7.441
2,11,96,0,30050.53,217.8670218,7.441
2,11,90,1,131612.61,218.1130269,7.441
2,11,2,1,64808.41,218.1130269,7.441
2,11,98,1,20870.45,218.1130269,7.441
2,11,82,1,28812.86,218.1130269,7.441
2,12,90,0,93593.93,218.3590319,7.441
2,12,5,0,34868.24,218.3590319,7.441
2,12,2,0,60333.21,218.3590319,7.441
2,12,98,0,12097.45,218.3590319,7.441
2,12,91,0,67725.5,218.3590319,7.441
2,12,79,0,34768.28,218.3590319,7.441
2,12,9,0,28887.97,218.3590319,7.441
2,12,74,0,12765.68,218.605037,7.441
2,12,91,0,84178.01,218.605037,7.441
2,12,17,0,18441.24,218.605037,7.441
2,12,10,0,40384.43,218.605037,7.441
2,12,81,0,30577.05,218.8217928,7.441
2,12,25,0,21668.16,218.8217928,7.441
2,12,5,0,65588.98,218.8217928,7.441
2,12,93,0,77695.8,218.8217928,7.441
2,12,22,0,20351.91,218.8217928,7.441
2,12,82,0,60761.25,218.8217928,7.441
2,12,6,0,10377.16,218.8217928,7.441
2,12,33,0,15695.93,218.8217928,7.441
2,12,55,0,55920.25,218.9995495,7.441
2,12,32,0,48392.45,218.9995495,7.441
2,12,6,0,22902.42,218.9995495,7.441
2,12,4,0,59678.11,218.9995495,7.441
2,12,82,0,106512.77,218.9995495,7.441
2,12,44,0,12999.51,218.9995495,7.441
2,12,87,0,43298.06,218.9995495,7.441
2,12,23,1,32348.78,219.1773063,7.441
2,12,49,1,12412.39,219.1773063,7.441
2,12,72,1,92483.16,219.1773063,7.441
2,12,80,1,22691.33,219.1773063,7.441
2,12,94,1,52267.1,219.1773063,7.441
2,1,72,0,58836.73,219.355063,7.057
2,1,94,0,65203.31,219.355063,7.057
2,1,95,0,135930.2,219.355063,7.057
2,1,79,0,34984.91,219.355063,7.057
2,1,49,0,17157.46,219.5328198,7.057
2,1,97,0,42278.7,219.5328198,7.057
2,1,3,0,15678.49,219.5328198,7.057
2,1,91,0,87280.77,219.5328198,7.057
2,1,17,0,14019.6,219.6258417,7.057
2,1,74,0,19106.2,219.6258417,7.057
2,1,49,0,18549.52,219.6258417,7.057
2,1,13,0,42850.02,219.6258417,7.057
2,1,3,0,15066.45,219.7188636,7.057
2,1,98,0,11443.39,219.7188636,7.057
2,1,58,0,21205.0,219.7188636,7.057
2,1,4,0,40933.71,219.7188636,7.057
2,2,3,0,14335.61,219.8118854,7.057
2,2,72,0,98232.74,219.8118854,7.057
2,2,4,0,45476.69,219.8118854,7.057
2,2,97,1,42599.47,219.9049073,7.057
2,2,55,1,14456.14,219.9049073,7.057
2,2,79,1,35332.47,219.9049073,7.057
2,2,1,1,41247.02,219.9049073,7.057
2,2,3,1,15069.79,219.9049073,7.057
2,2,49,1,19195.46,219.9049073,7.057
2,2,25,1,13697.93,219.9049073,7.057
2,2,97,0,42232.07,220.0651993,7.057
2,2,5,0,52735.59,220.0651993,7.057
2,2,79,0,33408.49,220.0651993,7.057
2,2,25,0,14198.49,220.0651993,7.057
2,2,93,0,78343.49,220.0651993,7.057
2,2,87,0,35153.8,220.0651993,7.057
2,2,22,0,19685.76,220.275944,7.057
2,2,98,0,12502.45,220.275944,7.057
2,2,49,0,20035.52,220.275944,7.057
2,2,8,0,60357.05,220.275944,7.057
2,3,26,0,10576.16,220.4866886,7.057
2,3,34,0,19189.29,220.4866886,7.057
2,3,13,0,48866.39,220.4866886,7.057
2,3,5,0,28448.89,220.6974332,7.057
2,3,10,0,41357.48,220.6974332,7.057
2,3,22,0,15300.79,220.6974332,7.057
2,3,13,0,44727.74,220.6974332,7.057
2,3,94,0,69037.09,220.6974332,7.057
2,3,80,0,27574.31,220.8498468,7.057
2,3,16,0,38449.89,220.8498468,7.057
2,3,34,0,18142.74,220.8498468,7.057
2,3,9,0,45122.05,220.8498468,7.057
2,3,7,0,31696.46,220.8498468,7.057
2,3,98,0,12603.47,220.9244858,7.057
2,3,11,0,19196.79,220.9244858,7.057
2,3,56,0,14953.75,220.9244858,7.057
2,3,25,0,18367.41,220.9991248,7.057
2,3,21,0,10124.45,220.9991248,7.057
2,3,96,0,32357.94,220.9991248,7.057
2,3,23,0,27934.15,220.9991248,7.057
2,3,94,0,69388.36,220.9991248,7.057
2,4,90,0,109559.88,221.0737638,6.891
2,4,93,0,88650.67,221.0737638,6.891
2,4,72,0,62480.5,221.0737638,6.891
2,4,21,0,10106.41,221.0737638,6.891
2,4,80,0,28297.17,221.1484028,6.891
2,4,40,0,73992.82,221.1484028,6.891
2,4,38,0,89965.85,221.1484028,6.891
2,4,5,0,19918.98,221.2021074,6.891
2,4,23,0,27718.98,221.2021074,6.891
2,4,38,0,81844.92,221.2021074,6.891
2,4,98,0,11912.94,221.2021074,6.891
2,4,46,0,28583.64,221.2021074,6.891
2,4,91,0,74490.6,221.255812,6.891
2,4,95,0,139256.24,221.255812,6.891
2,4,14,0,18573.31,221.255812,6.891
2,4,79,0,28251.4,221.255812,6.891
2,4,94,0,64994.05,221.255812,6.891
2,4,10,0,37283.81,221.255812,6.891
2,5,91,0,80124.7,221.3095166,6.891
2,5,4,0,46298.93,221.3095166,6.891
2,5,8,0,63212.42,221.3095166,6.891
2,5,87,0,24825.57,221.3095166,6.891
2,5,82,0,25217.59,221.3632212,6.891
2,5,96,0,37654.84,221.3632212,6.891
2,5,10,0,37332.0,221.3632212,6.891
2,5,34,0,21473.33,221.3632212,6.891
2,5,2,0,63948.19,221.380331,6.891
2,5,22,0,11921.94,221.380331,6.891
2,5,67,0,27172.63,221.380331,6.891
2,5,58,0,23000.0,221.380331,6.891
2,5,23,0,28418.49,221.380331,6.891
2,5,40,0,78805.29,221.380331,6.891
2,5,56,0,10343.06,221.3828029,6.891
2,5,17,0,12672.66,221.3828029,6.891
2,5,14,0,20048.95,221.3828029,6.891
2,5,81,0,33876.01,221.3828029,6.891
2,5,13,0,47129.89,221.3828029,6.891
2,5,98,0,14075.51,221.3828029,6.891
2,6,67,0,12908.53,221.3852748,6.891
2,6,87,0,24402.04,221.3852748,6.891
2,6,10,0,40129.69,221.3852748,6.891
2,6,81,0,32817.87,221.3852748,6.891
2,6,13,0,46920.79,221.3852748,6.891
2,6,87,0,26928.78,221.3877467,6.891
2,6,93,0,82234.56,221.3877467,6.891
2,6,5,0,27297.35,221.3877467,6.891
2,6,22,0,10275.16,221.3877467,6.891
2,6,8,0,62535.67,221.4009901,6.891
2,6,96,0,41121.8,221.4009901,6.891
2,6,58,0,24500.0,221.4009901,6.891
2,6,46,0,32771.8,221.4009901,6.891
2,6,42,0,10004.38,221.4411622,6.891
2,6,46,0,31102.14,221.4411622,6.891
2,6,94,0,73167.3,221.4411622,6.891
2,6,8,0,62530.78,221.4813343,6.891
2,6,87,0,22833.11,221.4813343,6.891
2,6,11,0,39879.14,221.4813343,6.891
2,6,91,0,77304.8,221.4813343,6.891
2,6,46,0,32041.42,221.4813343,6.891
2,6,25,0,15096.38,221.4813343,6.891
2,7,16,0,49878.72,221.5215064,6.565
2,7,91,0,84456.48,221.5215064,6.565
2,7,74,0,19015.99,221.5215064,6.565
2,7,80,0,26505.37,221.5215064,6.565
2,7,49,0,13322.17,221.5215064,6.565
2,7,82,0,23164.18,221.5616784,6.565
2,7,8,0,58201.61,221.5616784,6.565
2,7,34,0,17478.52,221.5616784,6.565
2,7,7,0,31459.95,221.5616784,6.565
2,7,16,0,30715.15,221.5701123,6.565
2,7,80,0,26007.06,221.5701123,6.565
2,7,46,0,29825.06,221.5701123,6.565
2,7,95,0,148192.06,221.5701123,6.565
2,7,49,0,12708.94,221.5701123,6.565
2,7,97,0,37594.78,221.5785461,6.565
2,7,23,0,25824.58,221.5785461,6.565
2,7,10,0,38330.34,221.5785461,6.565
2,7,34,0,15107.51,221.5785461,6.565
2,8,87,0,29204.26,221.5869799,6.565
2,8,2,0,69431.69,221.5869799,6.565
2,8,17,0,14022.9,221.5869799,6.565
2,8,34,0,17562.57,221.5869799,6.565
2,8,1,0,22851.99,221.5869799,6.565
2,8,87,0,25037.85,221.5954138,6.565
2,8,13,0,45416.76,221.5954138,6.565
2,8,91,0,88085.32,221.5954138,6.565
2,8,3,0,40642.61,221.5954138,6.565
2,8,10,0,36993.37,221.5954138,6.565
2,8,97,0,40603.3,221.6751459,6.565
2,8,14,0,17888.07,221.6751459,6.565
2,8,90,0,101366.47,221.6751459,6.565
2,8,79,0,29314.82,221.6751459,6.565
2,8,90,0,94870.83,221.8083518,6.565
2,8,93,0,67563.36,221.8083518,6.565
2,8,10,0,38347.44,221.8083518,6.565
2,8,33,0,14705.06,221.8083518,6.565
2,8,23,0,29981.95,221.9415576,6.565
2,8,49,0,12808.77,221.9415576,6.565
2,8,91,0,80808.8,221.9415576,6.565
2,8,97,0,43816.45,221.9415576,6.565
2,8,79,0,28546.4,221.9415576,6.565
2,8,13,0,47502.6,221.9415576,6.565
2,8,32,0,10168.91,221.9415576,6.565
2,9,25,1,11377.59,222.0747635,6.565
2,9,40,1,80757.91,222.0747635,6.565
2,9,11,1,22637.2,222.0747635,6.565
2,9,17,0,12251.02,222.2174395,6.565
