1,2,26,0,11737.12,211.0963582,8.106
1,2,23,0,24146.49,211.0963582,8.106
1,2,3,1,10887.84,211.2421698,8.106
1,2,7,1,18310.31,211.2421698,8.106
1,2,98,1,16309.73,211.2421698,8.106
1,2,26,1,10050.92,211.2421698,8.106
1,2,90,1,79455.64,211.2421698,8.106
1,2,3,0,11523.47,211.2891429,8.106
1,2,40,0,68569.53,211.2891429,8.106
1,2,10,0,29634.13,211.2891429,8.106
1,2,22,0,12290.16,211.2891429,8.106
1,2,7,0,17224.22,211.3196429,8.106
1,2,91,0,57335.17,211.3196429,8.106
1,3,97,0,31576.47,211.3501429,8.106
1,3,95,0,112807.75,211.3501429,8.106
1,3,13,0,40423.95,211.3501429,8.106
1,3,72,0,45046.81,211.3806429,8.106
1,3,94,0,61326.35,211.3806429,8.106
1,3,9,0,25605.58,211.3806429,8.106
1,3,49,0,11201.0,211.215635,8.106
1,3,13,0,36807.21,211.215635,8.106
1,3,92,0,127434.37,211.215635,8.106
1,3,9,0,33367.99,211.215635,8.106
1,3,5,0,22632.57,211.215635,8.106
1,3,49,0,11310.4,211.0180424,8.106
1,3,81,0,29871.06,211.0180424,8.106
1,3,72,0,40796.33,211.0180424,8.106
1,4,7,0,22427.62,210.8204499,7.808
1,4,13,0,38104.53,210.8204499,7.808
1,4,87,0,32893.64,210.8204499,7.808
1,4,12,0,12033.5,210.8204499,7.808
1,4,91,0,57845.36,210.8204499,7.808
1,4,16,0,52976.67,210.6228574,7.808
1,4,92,0,129466.97,210.6228574,7.808
1,4,93,0,66795.56,210.6228574,7.808
1,4,80,0,16418.64,210.6228574,7.808
1,4,12,0,10109.0,210.6228574,7.808
1,4,11,0,22186.81,210.6228574,7.808
1,4,13,0,36663.26,210.4887,7.808
1,4,92,0,128626.08,210.4887,7.808
1,4,56,0,16347.63,210.4887,7.808
1,4,98,0,10156.01,210.4391228,7.808
1,4,11,0,17349.9,210.4391228,7.808
1,4,40,0,58623.36,210.4391228,7.808
1,4,91,0,56051.87,210.4391228,7.808
1,4,1,0,16555.11,210.3895456,7.808
1,4,81,0,28836.25,210.3895456,7.808
1,5,10,0,32902.69,210.3399684,7.808
1,5,74,0,11805.33,210.3399684,7.808
1,5,34,0,15135.17,210.3399684,7.808
1,5,92,0,132217.62,210.3399684,7.808
1,5,98,0,10972.91,210.3399684,7.808
1,5,72,0,35355.34,210.3374261,7.808
1,5,87,0,34298.89,210.3374261,7.808
1,5,97,0,33943.35,210.3374261,7.808
1,5,92,0,126004.12,210.3374261,7.808
1,5,32,0,16167.09,210.3374261,7.808
1,5,93,0,60163.57,210.6170934,7.808
1,5,25,0,11805.5,210.6170934,7.808
1,5,10,0,26197.6,210.6170934,7.808
1,5,82,0,17229.66,210.8967606,7.808
1,5,90,0,70245.24,210.8967606,7.808
1,5,10,0,30894.79,210.8967606,7.808
1,6,2,0,48754.47,211.1764278,7.808
1,6,80,0,16789.53,211.1764278,7.808
1,6,97,0,35109.14,211.1764278,7.808
1,6,7,0,26910.46,211.4560951,7.808
1,6,11,0,26806.72,211.4560951,7.808
1,6,1,0,16637.62,211.4560951,7.808
1,6,25,0,11220.75,211.4560951,7.808
1,6,46,0,20377.63,211.4560951,7.808
1,6,8,0,33387.48,211.4537719,7.808
1,6,4,0,35059.52,211.4537719,7.808
1,6,14,0,12979.99,211.3386526,7.808
1,6,4,0,34454.69,211.3386526,7.808
1,6,67,0,12132.76,211.3386526,7.808
1,6,8,0,33731.24,211.3386526,7.808
1,7,74,0,14864.7,211.2235333,7.787
1,7,94,0,42866.79,211.2235333,7.787
1,7,46,0,19082.57,211.2235333,7.787
1,7,5,0,18887.71,211.2235333,7.787
1,7,82,0,18581.75,211.2235333,7.787
1,7,12,0,10720.79,211.2235333,7.787
1,7,93,0,78068.53,211.108414,7.787
1,7,92,0,126469.77,211.1003854,7.787
1,7,55,0,12663.38,211.1003854,7.787
1,7,96,0,31829.94,211.1003854,7.787
1,7,82,0,18118.18,211.1003854,7.787
1,7,97,0,31706.54,211.2351443,7.787
1,7,79,0,29353.14,211.2351443,7.787
1,7,95,0,116256.35,211.2351443,7.787
1,7,93,0,55362.08,211.3699032,7.787
1,7,2,0,45833.77,211.3699032,7.787
1,7,74,0,13693.26,211.3699032,7.787
1,7,72,0,36106.41,211.3699032,7.787
1,7,91,0,56893.45,211.3699032,7.787
1,8,81,0,31201.67,211.5046621,7.787
1,8,91,0,68302.1,211.5046621,7.787
1,8,79,0,43224.38,211.5046621,7.787
1,8,24,0,10872.75,211.6394211,7.787
1,8,55,0,12236.16,211.6394211,7.787
1,8,14,0,13579.21,211.6394211,7.787
1,8,93,0,73460.08,211.6394211,7.787
1,8,11,0,31789.86,211.6033633,7.787
1,8,92,0,120613.35,211.6033633,7.787
1,8,5,0,15412.44,211.6033633,7.787
1,8,2,0,49623.53,211.5673056,7.787
1,8,5,0,13570.32,211.5673056,7.787
1,8,93,0,55448.05,211.5673056,7.787
1,8,10,0,31692.56,211.5673056,7.787
1,8,38,0,77852.74,211.5673056,7.787
1,8,33,0,13828.44,211.5673056,7.787
1,9,17,0,10118.25,211.5312479,7.787
1,9,97,0,36014.75,211.5312479,7.787
1,9,8,0,35562.68,211.5312479,7.787
1,9,98,0,10282.67,211.5312479,7.787
1,9,96,0,28420.73,211.5312479,7.787
1,9,12,1,10724.56,211.4951902,7.787
1,9,87,1,39921.6,211.4951902,7.787
1,9,74,1,11146.79,211.4951902,7.787
1,9,14,0,13783.27,211.5224596,7.787
1,9,1,0,19354.23,211.5224596,7.787
1,9,3,0,10722.46,211.5224596,7.787
1,9,90,0,74851.3,211.5224596,7.787
1,9,55,0,12760.14,211.5224596,7.787
1,9,4,0,33999.01,211.5224596,7.787
1,9,16,0,14857.74,211.5972246,7.787
1,9,40,0,55407.67,211.5972246,7.787
1,9,38,0,87720.98,211.5972246,7.787
1,10,46,0,17058.26,211.6719895,7.838
1,10,97,0,32954.82,211.6719895,7.838
1,10,9,0,44977.91,211.6719895,7.838
1,10,98,0,11414.81,211.7467544,7.838
1,10,3,0,10081.8,211.7467544,7.838
1,10,13,0,42139.25,211.7467544,7.838
1,10,8,0,35966.67,211.7467544,7.838
1,10,95,0,120764.22,211.7467544,7.838
1,10,87,0,35440.08,211.8137436,7.838
1,10,14,0,13215.64,211.8137436,7.838
1,10,38,0,73027.2,211.8137436,7.838
1,10,79,0,29799.61,211.8137436,7.838
1,10,98,0,11710.03,211.8612937,7.838
1,10,23,0,17609.38,211.8612937,7.838
1,10,8,0,32659.74,211.8612937,7.838
1,10,79,0,28439.7,211.8612937,7.838
1,10,72,0,34596.86,211.9088438,7.838
1,10,92,0,116370.47,211.9088438,7.838
1,10,5,0,16377.46,211.9088438,7.838
1,10,2,0,44081.33,211.9088438,7.838
1,10,25,0,10949.11,211.9088438,7.838
1,10,55,0,13129.49,211.9088438,7.838
1,10,10,0,25464.1,211.9088438,7.838
1,11,92,0,140504.41,211.9563939,7.838
1,11,13,0,41085.66,211.9563939,7.838
1,11,1,0,34238.88,211.9563939,7.838
1,11,23,0,26416.48,211.9563939,7.838
1,11,87,0,39369.0,212.003944,7.838
1,11,97,0,36255.13,212.003944,7.838
1,11,82,0,21473.78,212.003944,7.838
1,11,5,0,23698.89,212.003944,7.838
1,11,92,0,157621.22,211.8896737,7.838
1,11,46,0,16465.14,211.8896737,7.838
1,11,1,0,19552.84,211.8896737,7.838
1,11,79,0,28073.27,211.8896737,7.838
1,11,10,0,26066.48,211.8896737,7.838
1,11,97,0,34756.36,211.8896737,7.838
1,11,2,1,45681.98,211.7484333,7.838
1,11,22,1,15769.67,211.7484333,7.838
1,11,96,1,34927.63,211.7484333,7.838
1,11,32,1,10593.12,211.7484333,7.838
1,11,87,1,40817.18,211.7484333,7.838
1,12,93,0,56070.53,211.607193,7.838
1,12,98,0,10262.38,211.607193,7.838
1,12,72,0,54268.03,211.607193,7.838
1,12,25,0,10536.65,211.607193,7.838
1,12,32,0,12927.02,211.4659526,7.838
1,12,22,0,12258.11,211.4659526,7.838
1,12,14,0,19587.66,211.4659526,7.838
1,12,93,0,72089.33,211.4659526,7.838
1,12,5,0,49517.17,211.4659526,7.838
1,12,8,0,35188.54,211.4659526,7.838
1,12,23,0,31241.47,211.4659526,7.838
1,12,1,0,44912.86,211.4053124,7.838
1,12,13,0,35237.93,211.4053124,7.838
1,12,24,0,13318.9,211.4053124,7.838
1,12,26,0,10671.46,211.4053124,7.838
1,12,10,0,28609.0,211.4053124,7.838
1,12,21,0,12446.93,211.4051222,7.838
1,12,14,0,47983.72,211.4051222,7.838
1,12,87,0,49414.27,211.4051222,7.838
1,12,80,0,19131.59,211.4051222,7.838
1,12,7,1,27433.06,211.4049321,7.838
1,12,23,1,18054.72,211.4049321,7.838
1,12,22,1,11551.12,211.4049321,7.838
1,12,87,1,42034.83,211.4049321,7.838
1,1,23,0,16955.3,211.4047419,7.742
1,1,92,0,137438.84,211.4047419,7.742
1,1,40,0,63517.55,211.4047419,7.742
1,1,3,0,15808.15,211.4047419,7.742
1,1,96,0,19419.74,211.4047419,7.742
1,1,87,0,49541.9,211.4047419,7.742
1,1,5,0,17445.37,211.4574109,7.742
1,1,11,0,33958.52,211.4574109,7.742
1,1,49,0,11691.35,211.4574109,7.742
1,1,3,0,13275.87,211.4574109,7.742
1,1,82,0,19252.31,211.4574109,7.742
1,1,49,0,10377.62,211.8272343,7.742
1,1,14,0,12889.88,211.8272343,7.742
1,1,3,0,12532.94,211.8272343,7.742
1,1,8,0,34547.4,211.8272343,7.742
1,1,4,0,33735.58,211.8272343,7.742
1,1,5,0,22118.7,212.1970577,7.742
1,1,81,0,27398.7,212.1970577,7.742
1,1,92,0,118957.83,212.1970577,7.742
1,2,91,0,70369.87,212.5668812,7.742
1,2,94,0,60453.29,212.5668812,7.742
1,2,93,0,77342.47,212.5668812,7.742
1,2,46,0,18525.11,212.5668812,7.742
1,2,25,0,10044.53,212.5668812,7.742
1,2,14,1,15647.59,212.9367046,7.742
1,2,3,1,11428.25,212.9367046,7.742
1,2,55,1,15747.17,212.9367046,7.742
1,2,2,1,47595.35,212.9367046,7.742
1,2,23,1,22686.25,212.9367046,7.742
1,2,94,0,76866.41,213.2478853,7.742
1,2,90,0,75949.49,213.2478853,7.742
1,2,8,0,35386.72,213.2478853,7.742
1,2,72,0,67900.9,213.2478853,7.742
1,2,82,0,24062.14,213.2478853,7.742
1,2,93,0,59336.68,213.535609,7.742
1,2,11,0,19421.42,213.535609,7.742
1,2,91,0,59436.45,213.535609,7.742
1,3,5,0,28902.37,213.8233327,7.742
1,3,23,0,21611.57,213.8233327,7.742
1,3,12,0,12618.52,213.8233327,7.742
1,3,2,0,53035.54,213.8233327,7.742
1,3,38,0,89649.84,213.8233327,7.742
1,3,82,0,22958.34,213.8233327,7.742
1,3,95,0,120621.32,214.1110564,7.742
1,3,7,0,20304.74,214.1110564,7.742
1,3,25,0,10509.59,214.1110564,7.742
1,3,80,0,17136.59,214.1110564,7.742
1,3,91,0,70447.08,214.1110564,7.742
1,3,34,0,11896.39,214.3627114,7.742
1,3,79,0,32251.01,214.3627114,7.742
1,3,46,0,20539.39,214.3627114,7.742
1,3,82,0,21612.22,214.3627114,7.742
1,3,55,0,12382.76,214.5999389,7.742
1,3,94,0,67004.6,214.5999389,7.742
1,3,92,0,114963.63,214.5999389,7.742
1,3,46,0,20224.11,214.5999389,7.742
1,3,95,0,122280.13,214.5999389,7.742
1,4,7,0,20144.71,214.8371664,7.682
1,4,10,0,30863.93,214.8371664,7.682
1,4,95,0,112905.09,214.8371664,7.682
1,4,94,0,72950.86,215.0743939,7.682
1,4,3,0,10417.33,215.0743939,7.682
1,4,6,0,32563.54,215.0743939,7.682
1,4,95,0,126746.25,215.0743939,7.682
1,4,16,0,49433.2,215.0743939,7.682
1,4,79,0,31150.62,215.2918561,7.682
1,4,94,0,73864.24,215.2918561,7.682
1,4,96,0,31924.56,215.2918561,7.682
1,4,12,0,13447.09,215.4599053,7.682
1,4,56,0,10337.63,215.4599053,7.682
1,4,81,0,29368.7,215.4599053,7.682
1,4,7,0,24606.39,215.4599053,7.682
1,4,23,0,19716.05,215.4599053,7.682
1,4,4,0,34528.56,215.6279544,7.682
1,4,9,0,23567.09,215.6279544,7.682
1,4,38,0,82034.82,215.6279544,7.682
1,4,91,0,54050.06,215.6279544,7.682
1,5,12,0,11747.79,215.7960035,7.682
1,5,96,0,35061.31,215.7960035,7.682
1,5,40,0,59451.44,215.7960035,7.682
1,5,49,0,13008.14,215.7960035,7.682
1,5,81,0,31773.1,215.7960035,7.682
1,5,87,0,56650.93,215.7960035,7.682
1,5,82,0,20663.71,215.9640526,7.682
1,5,90,0,81465.8,215.9640526,7.682
1,5,98,0,13523.34,215.9640526,7.682
1,5,87,0,48182.98,215.9640526,7.682
1,5,5,0,15575.25,215.7339202,7.682
1,5,46,0,19408.71,215.5037878,7.682
1,5,82,0,19854.55,215.5037878,7.682
1,5,11,0,27201.64,215.5037878,7.682
1,6,91,0,64308.54,215.2736553,7.682
1,6,97,0,39013.79,215.2736553,7.682
1,6,1,0,16434.15,215.2736553,7.682
1,6,5,0,16848.76,215.2736553,7.682
1,6,79,0,42896.37,215.2736553,7.682
1,6,34,0,12979.5,215.0435229,7.682
1,6,92,0,137181.13,215.0435229,7.682
1,6,72,0,30561.01,215.0435229,7.682
1,6,38,0,73273.96,215.0435229,7.682
1,6,8,0,34338.33,214.9980596,7.682
1,6,92,0,131903.99,214.9980596,7.682
1,6,79,0,29656.36,214.9980596,7.682
1,6,46,0,20247.88,215.0910982,7.682
1,6,55,0,10132.88,215.0910982,7.682
1,6,82,0,23442.18,215.0910982,7.682
1,6,14,0,13580.61,215.0910982,7.682
1,7,90,0,81547.54,215.1841368,7.962
1,7,92,0,120155.9,215.1841368,7.962
1,7,81,0,29039.19,215.1841368,7.962
1,7,9,0,23809.04,215.1841368,7.962
1,7,1,0,16148.87,215.2771754,7.962
1,7,90,0,81734.19,215.2771754,7.962
1,7,87,0,49784.22,215.2771754,7.962
1,7,81,0,30907.17,215.2771754,7.962
1,7,25,0,10506.09,215.2771754,7.962
1,7,8,0,33336.29,215.3611087,7.962
1,7,12,0,11455.24,215.4222784,7.962
1,7,91,0,63838.02,215.4222784,7.962
1,7,3,0,16069.5,215.4222784,7.962
1,7,9,0,16973.16,215.4222784,7.962
1,7,1,0,15922.41,215.4834482,7.962
1,7,4,0,35555.5,215.4834482,7.962
1,8,2,0,49359.75,215.544618,7.962
1,8,25,0,10582.42,215.544618,7.962
1,8,8,0,35484.32,215.544618,7.962
1,8,46,0,17231.34,215.6057878,7.962
1,8,95,0,138567.1,215.6057878,7.962
1,8,38,0,69572.84,215.6057878,7.962
1,8,95,0,133260.84,215.6693107,7.962
1,8,91,0,67995.61,215.6693107,7.962
1,8,81,0,30031.85,215.6693107,7.962
1,8,79,0,29392.95,215.7332258,7.962
1,8,91,0,59197.5,215.7332258,7.962
1,8,16,0,11671.46,215.7332258,7.962
1,8,93,0,61528.93,215.7332258,7.962
1,9,46,1,16566.4,215.861056,7.962
1,9,13,1,38045.63,215.861056,7.962
1,9,1,1,17746.68,215.861056,7.962
1,9,23,0,13053.74,216.0410526,7.962
1,9,13,0,38382.65,216.0410526,7.962
1,9,93,0,81435.22,216.0410526,7.962
1,9,4,0,34108.12,216.0410526,7.962
1,9,87,0,43187.07,216.3758246,7.962
1,9,23,0,15044.0,216.3758246,7.962
1,9,92,0,122462.32,216.3758246,7.962
1,9,93,0,67516.27,216.3758246,7.962
1,9,96,0,32099.6,216.7105965,7.962
1,9,92,0,120506.66,216.7105965,7.962
1,9,90,0,80994.66,216.7105965,7.962
1,10,95,0,132805.42,217.0453684,7.866
1,10,1,0,20797.58,217.0453684,7.866
1,10,98,0,12238.54,217.3552733,7.866
1,10,49,0,11314.52,217.3552733,7.866
1,10,94,0,62602.91,217.3552733,7.866
1,10,72,0,44370.76,217.3552733,7.866
1,10,98,0,12644.64,217.5159762,7.866
1,10,93,0,67370.04,217.5159762,7.866
1,10,96,0,31193.33,217.5159762,7.866
1,10,91,0,61839.05,217.5159762,7.866
1,10,92,0,134783.19,217.5159762,7.866
1,10,82,0,19018.37,217.6766791,7.866
1,10,14,0,13031.03,217.6766791,7.866
1,10,90,0,82323.37,217.6766791,7.866
1,10,91,0,56084.02,217.6766791,7.866
1,11,7,0,24182.96,217.837382,7.866
1,11,72,0,63620.54,217.837382,7.866
1,11,49,0,10003.1,217.9980849,7.866
1,11,34,0,11197.3,217.9980849,7.866
1,11,11,0,21412.74,218.2205088,7.866
1,11,3,0,10104.36,218.2205088,7.866
1,11,79,0,30928.23,218.2205088,7.866
1,11,9,0,28932.57,218.2205088,7.866
1,11,10,0,28013.63,218.2205088,7.866
1,11,55,1,30868.94,218.4676211,7.866
1,11,97,1,30320.41,218.4676211,7.866
1,11,82,1,21972.8,218.4676211,7.866
1,12,11,0,33129.25,218.7147333,7.866
1,12,38,0,98037.09,218.7147333,7.866
1,12,4,0,38489.63,218.7147333,7.866
1,12,92,0,165633.02,218.9618456,7.866
1,12,3,0,12955.55,218.9618456,7.866
1,12,93,0,83931.76,218.9618456,7.866
1,12,38,0,83237.41,218.9618456,7.866
1,12,7,0,47751.41,218.9618456,7.866
1,12,11,0,27918.08,219.1794533,7.866
1,12,5,0,43479.7,219.1794533,7.866
1,12,87,0,46663.62,219.1794533,7.866
1,12,90,0,97444.15,219.1794533,7.866
1,12,8,0,37149.3,219.1794533,7.866
1,12,7,0,119302.15,219.3577216,7.866
1,12,17,0,18463.27,219.3577216,7.866
1,12,4,0,47785.93,219.3577216,7.866
1,12,18,0,22602.34,219.3577216,7.866
1,12,98,1,10806.26,219.5359898,7.866
1,12,14,1,25846.86,219.5359898,7.866
1,12,93,1,59286.64,219.5359898,7.866
1,12,97,1,29166.73,219.5359898,7.866
1,12,23,1,23757.52,219.5359898,7.866
1,12,81,1,24167.38,219.5359898,7.866
1,1,91,0,68373.27,219.7142581,7.348
1,1,1,0,16567.69,219.7142581,7.348
1,1,80,0,18903.84,219.7142581,7.348
1,1,96,0,34580.77,219.7142581,7.348
1,1,79,0,42842.53,219.7142581,7.348
1,1,81,0,31560.5,219.8925263,7.348
1,1,82,0,17532.05,219.8925263,7.348
1,1,74,0,12461.85,219.8925263,7.348
1,1,79,0,31338.33,219.8925263,7.348
1,1,87,0,40005.91,219.8925263,7.348
1,1,82,0,16655.06,219.9856893,7.348
1,1,81,0,29454.09,219.9856893,7.348
1,1,38,0,78264.14,219.9856893,7.348
1,1,3,0,10613.17,220.0788523,7.348
1,2,92,0,147179.82,220.1720153,7.348
1,2,46,0,21408.85,220.1720153,7.348
1,2,98,1,16837.3,220.2651783,7.348
1,2,9,1,20985.41,220.2651783,7.348
1,2,25,0,10930.07,220.4257586,7.348
1,2,72,0,81287.05,220.4257586,7.348
1,2,4,0,36550.46,220.4257586,7.348
1,2,93,0,80472.09,220.4257586,7.348
1,2,91,0,72596.77,220.4257586,7.348
1,2,16,0,19874.3,220.636902,7.348
1,2,46,0,21075.68,220.636902,7.348
1,2,34,0,13189.95,220.636902,7.348
1,2,7,0,15956.87,220.636902,7.348
1,3,3,0,11387.31,220.8480454,7.348
1,3,92,0,138638.98,220.8480454,7.348
1,3,34,0,15464.72,220.8480454,7.348
1,3,13,0,44565.32,220.8480454,7.348
1,3,80,0,18733.18,220.8480454,7.348
1,3,5,0,25492.21,221.0591887,7.348
1,3,92,0,151585.49,221.0591887,7.348
1,3,34,0,12781.11,221.0591887,7.348
1,3,3,0,11925.71,221.0591887,7.348
1,3,80,0,19494.95,221.0591887,7.348
1,3,90,0,90385.98,221.0591887,7.348
1,3,2,0,47346.32,221.2118132,7.348
1,3,25,0,13002.03,221.2118132,7.348
1,3,13,0,37801.64,221.2864126,7.348
1,3,10,0,33327.09,221.2864126,7.348
1,3,79,0,30097.93,221.2864126,7.348
1,3,87,0,46071.75,221.2864126,7.348
1,3,25,0,15027.13,221.3610119,7.348
1,3,96,0,52101.28,221.3610119,7.348
1,3,9,0,50382.47,221.3610119,7.348
1,3,87,0,46465.64,221.3610119,7.348
1,4,12,0,10747.37,221.4356112,7.143
1,4,46,0,21282.81,221.4356112,7.143
1,4,90,0,99607.16,221.4356112,7.143
1,4,23,0,24604.49,221.4356112,7.143
1,4,9,0,41235.34,221.4356112,7.143
1,4,8,0,37295.29,221.5102105,7.143
1,4,79,0,30752.29,221.5102105,7.143
1,4,82,0,19415.38,221.5102105,7.143
1,4,10,0,29709.53,221.5102105,7.143
1,4,90,0,86785.35,221.5102105,7.143
1,4,81,0,30648.9,221.5640737,7.143
1,4,9,0,28111.87,221.5640737,7.143
1,4,90,0,82412.3,221.5640737,7.143
1,4,40,0,60164.22,221.6179368,7.143
1,4,2,0,45456.23,221.6179368,7.143
1,4,80,0,17687.19,221.6179368,7.143
1,5,46,0,21045.33,221.6718,7.143
1,5,9,0,31552.3,221.6718,7.143
1,5,87,0,58802.89,221.6718,7.143
1,5,94,0,73401.98,221.7256632,7.143
1,5,4,0,35840.06,221.7256632,7.143
1,5,12,0,11420.63,221.7256632,7.143
1,5,9,0,28043.48,221.7256632,7.143
1,5,2,0,46717.76,221.7256632,7.143
1,5,87,0,47648.4,221.7256632,7.143
1,5,91,0,67842.03,221.742674,7.143
1,5,4,0,34536.29,221.742674,7.143
1,5,10,0,30339.17,221.742674,7.143
1,5,87,0,48475.66,221.742674,7.143
1,5,67,0,17853.23,221.742674,7.143
1,5,79,0,33905.44,221.742674,7.143
1,5,1,0,16963.55,221.744944,7.143
1,5,25,0,10702.21,221.744944,7.143
1,5,79,0,29874.35,221.744944,7.143
1,6,82,0,20883.43,221.7472139,7.143
1,6,46,0,22689.14,221.7472139,7.143
1,6,93,0,76925.54,221.7472139,7.143
1,6,13,0,41462.8,221.7472139,7.143
1,6,94,0,63037.75,221.7472139,7.143
1,6,4,0,41124.27,221.7494839,7.143
1,6,16,0,34785.29,221.7494839,7.143
1,6,95,0,139857.1,221.7494839,7.143
1,6,82,0,20006.9,221.7626421,7.143
1,6,93,0,85257.31,221.7626421,7.143
1,6,96,0,38609.18,221.7626421,7.143
1,6,82,0,20450.16,221.8030211,7.143
1,6,2,0,46075.0,221.8030211,7.143
1,6,5,0,24337.24,221.8030211,7.143
1,6,40,0,54157.81,221.8030211,7.143
1,6,4,0,39758.77,221.8434,7.143
1,6,5,0,20233.9,221.8434,7.143
1,6,11,0,44553.45,221.8434,7.143
1,6,1,0,15722.82,221.8434,7.143
1,7,80,0,22615.85,221.8837789,6.908
1,7,81,0,36081.52,221.8837789,6.908
1,7,38,0,80117.78,221.8837789,6.908
1,7,74,0,14838.28,221.8837789,6.908
1,7,55,0,10013.75,221.8837789,6.908
1,7,94,0,65667.98,221.8837789,6.908
1,7,72,0,44166.9,221.9241579,6.908
1,7,95,0,129724.74,221.9241579,6.908
1,7,9,0,21464.73,221.9241579,6.908
1,7,40,0,53981.14,221.9241579,6.908
1,7,92,0,148531.93,221.9241579,6.908
1,7,90,0,85585.76,221.9327267,6.908
1,7,10,0,29187.22,221.9327267,6.908
1,7,95,0,126861.49,221.9327267,6.908
1,7,16,0,23838.33,221.9412954,6.908
1,7,87,0,49828.59,221.9412954,6.908
1,8,3,0,30331.69,221.9498642,6.908
1,8,1,0,16628.31,221.9498642,6.908
1,8,91,0,68443.22,221.9498642,6.908
1,8,12,0,11298.13,221.9498642,6.908
1,8,4,0,40343.83,221.9584329,6.908
1,8,79,0,35436.11,221.9584329,6.908
1,8,94,0,65343.75,221.9584329,6.908
1,8,12,0,10605.66,221.9584329,6.908
1,8,49,0,11468.38,222.0384109,6.908
1,8,40,0,54852.61,222.0384109,6.908
1,8,74,0,12242.86,222.0384109,6.908
1,8,91,0,71394.59,222.0384109,6.908
1,8,81,0,31938.39,222.0384109,6.908
1,8,95,0,118845.34,222.1719457,6.908
1,8,14,0,11041.63,222.1719457,6.908
1,8,81,0,29432.75,222.1719457,6.908
1,8,11,0,20462.68,222.1719457,6.908
1,8,2,0,50995.5,222.3054805,6.908
1,8,74,0,10969.83,222.3054805,6.908
1,8,3,0,50701.3,222.3054805,6.908
1,8,23,0,23361.12,222.3054805,6.908
1,9,94,1,70775.53,222.4390153,6.908
1,9,2,1,47344.5,222.4390153,6.908
1,9,10,0,31705.09,222.5820193,6.908
1,9,92,0,148861.17,222.5820193,6.908
1,9,11,0,17027.47,222.5820193,6.908
1,9,2,0,44493.61,222.5820193,6.908
1,9,40,0,60364.66,222.5820193,6.908
1,9,40,0,57957.57,222.7818386,6.908
1,9,16,0,14734.64,222.9816579,6.908
1,9,90,0,80701.63,222.9816579,6.908
1,9,3,0,13085.95,222.9816579,6.908
1,10,38,0,74894.95,223.1814772,6.573
1,10,79,0,48373.55,223.1814772,6.573
1,10,14,0,14381.21,223.1814772,6.573
1,10,80,0,21007.2,223.1814772,6.573
1,10,25,0,11140.24,223.1814772,6.573
1,10,11,0,21857.09,223.3812965,6.573
1,10,46,0,16291.79,223.3812965,6.573
1,10,97,0,39844.82,223.3812965,6.573
1,10,92,0,156944.65,223.3812965,6.573
1,10,97,0,36028.46,223.4257233,6.573
1,10,12,0,10830.48,223.4257233,6.573
1,10,91,0,64022.49,223.4257233,6.573
1,10,91,0,55472.46,223.4442513,6.573
1,10,25,0,11066.13,223.4442513,6.573
2,2,3,0,16873.2,210.7526053,8.324
2,2,55,0,17657.65,210.7526053,8.324
2,2,11,0,24800.3,210.7526053,8.324
2,2,29,1,10985.98,210.8979935,8.324
2,2,13,1,47186.1,210.8979935,8.324
2,2,96,1,32120.35,210.8979935,8.324
2,2,21,1,11932.84,210.8979935,8.324
2,2,26,1,12962.49,210.8979935,8.324
2,2,7,1,29067.99,210.8979935,8.324
2,2,49,0,18008.47,210.9451605,8.324
2,2,16,0,11495.54,210.9451605,8.324
2,2,13,0,51947.05,210.9451605,8.324
2,2,7,0,31003.4,210.9451605,8.324
2,2,21,0,12645.93,210.9451605,8.324
2,2,18,0,18259.4,210.9451605,8.324
2,2,9,0,24049.15,210.9759573,8.324
2,2,38,0,109233.51,210.9759573,8.324
2,2,94,0,64588.46,210.9759573,8.324
2,2,21,0,12108.36,210.9759573,8.324
2,2,26,0,10098.66,210.9759573,8.324
2,3,92,0,163301.25,211.0067542,8.324
2,3,21,0,12268.19,211.0067542,8.324
2,3,5,0,28609.08,211.0067542,8.324
2,3,49,0,17217.06,211.0067542,8.324
2,3,11,0,21422.84,211.0067542,8.324
2,3,22,0,15641.52,211.0067542,8.324
2,3,4,0,46937.81,211.0067542,8.324
2,3,40,0,84593.2,211.037551,8.324
2,3,79,0,37316.15,211.037551,8.324
2,3,93,0,62930.14,211.037551,8.324
2,3,5,0,33232.94,210.8733316,8.324
2,3,92,0,159140.47,210.8733316,8.324
2,3,94,0,70182.94,210.8733316,8.324
2,3,95,0,144219.98,210.8733316,8.324
2,3,25,0,17283.75,210.8733316,8.324
2,3,90,0,96277.59,210.8733316,8.324
2,3,96,0,27575.96,210.6766095,8.324
2,3,7,0,25149.21,210.6766095,8.324
2,3,10,0,32393.51,210.6766095,8.324
2,3,22,0,10029.49,210.6766095,8.324
2,3,93,0,55073.17,210.6766095,8.324
2,3,95,0,128474.22,210.6766095,8.324
2,3,49,0,15040.85,210.6766095,8.324
2,4,67,0,12947.7,210.4798874,8.2
2,4,87,0,21699.72,210.4798874,8.2
2,4,7,0,40111.71,210.4798874,8.2
2,4,21,0,11413.2,210.4798874,8.2
2,4,14,0,19648.41,210.4798874,8.2
2,4,23,0,24528.69,210.4798874,8.2
2,4,10,0,43902.87,210.4798874,8.2
2,4,87,0,19679.85,210.2831653,8.2
2,4,14,0,18929.69,210.2831653,8.2
2,4,38,0,108465.19,210.2831653,8.2
2,4,95,0,137720.83,210.2831653,8.2
2,4,32,0,11575.39,210.1495463,8.2
2,4,9,0,38461.17,210.1495463,8.2
2,4,46,0,28595.87,210.1495463,8.2
2,4,49,0,12137.14,210.1495463,8.2
2,4,92,0,148072.62,210.1000648,8.2
2,4,5,0,31805.87,210.1000648,8.2
2,4,14,0,16881.86,210.1000648,8.2
2,4,10,0,35264.17,210.1000648,8.2
2,4,55,0,10403.92,210.1000648,8.2
2,4,80,0,27040.44,210.1000648,8.2
2,4,49,0,16559.84,210.1000648,8.2
2,4,13,0,46926.99,210.0505833,8.2
2,4,40,0,78670.22,210.0505833,8.2
2,4,56,0,18306.82,210.0505833,8.2
2,4,97,0,37062.87,210.0505833,8.2
2,4,49,0,11359.23,210.0505833,8.2
2,4,81,0,30399.36,210.0505833,8.2
2,4,93,0,56146.45,210.0505833,8.2
2,5,58,0,22334.0,210.0011018,8.2
2,5,93,0,67638.14,210.0011018,8.2
2,5,46,0,29711.15,210.0011018,8.2
2,5,97,0,40705.26,210.0011018,8.2
2,5,17,0,13109.68,209.9984585,8.2
2,5,58,0,19063.0,209.9984585,8.2
2,5,22,0,10399.73,209.9984585,8.2
2,5,11,0,21622.2,209.9984585,8.2
2,5,93,0,60399.63,209.9984585,8.2
2,5,72,0,58273.46,210.2768443,8.2
2,5,3,0,11486.91,210.2768443,8.2
2,5,96,0,36145.9,210.2768443,8.2
2,5,23,0,30443.74,210.2768443,8.2
2,5,94,0,67694.43,210.2768443,8.2
2,5,22,0,10289.97,210.2768443,8.2
2,5,11,0,26348.34,210.2768443,8.2
2,5,2,0,68750.86,210.5552301,8.2
2,5,96,0,40787.97,210.5552301,8.2
2,5,5,0,23033.98,210.5552301,8.2
2,5,79,0,31255.61,210.5552301,8.2
2,6,72,0,61127.33,210.833616,8.2
2,6,22,0,11361.09,210.833616,8.2
2,6,58,0,34711.0,210.833616,8.2
2,6,55,0,11629.46,210.833616,8.2
2,6,94,0,75872.23,210.833616,8.2
2,6,34,0,27827.45,210.833616,8.2
2,6,55,0,13535.67,211.1120018,8.2
2,6,2,0,72603.29,211.1120018,8.2
2,6,34,0,23565.6,211.1120018,8.2
2,6,8,0,61110.56,211.1120018,8.2
2,6,21,0,11365.7,211.1096543,8.2
2,6,13,0,49484.8,211.1096543,8.2
2,6,94,0,76602.49,211.1096543,8.2
2,6,87,0,17791.46,211.1096543,8.2
2,6,81,0,33886.47,211.1096543,8.2
2,6,58,0,25222.0,210.9950134,8.2
2,6,82,0,24378.03,210.9950134,8.2
2,6,81,0,31162.04,210.9950134,8.2
2,6,11,0,32644.13,210.9950134,8.2
2,6,7,0,41086.78,210.9950134,8.2
2,7,21,0,11467.79,210.8803726,8.099
2,7,2,0,72107.47,210.8803726,8.099
2,7,46,0,29468.26,210.8803726,8.099
2,7,14,0,20027.37,210.8803726,8.099
2,7,4,0,49043.02,210.8803726,8.099
2,7,82,0,20301.21,210.7657317,8.099
2,7,32,0,10461.21,210.7657317,8.099
2,7,80,0,27712.4,210.7657317,8.099
2,7,81,0,33909.88,210.7657317,8.099
2,7,55,0,12182.55,210.7657317,8.099
2,7,21,0,12791.98,210.7577954,8.099
2,7,2,0,69430.49,210.7577954,8.099
2,7,5,0,22070.82,210.7577954,8.099
2,7,81,0,32496.82,210.7577954,8.099
2,7,98,0,13858.52,210.7577954,8.099
2,7,25,0,13264.0,210.8921319,8.099
2,7,32,0,11414.97,210.8921319,8.099
2,7,95,0,143116.36,210.8921319,8.099
2,7,94,0,65449.86,210.8921319,8.099
2,7,90,0,91300.12,210.8921319,8.099
2,7,23,0,28468.45,211.0264684,8.099
2,7,49,0,14309.68,211.0264684,8.099
2,7,7,0,25195.42,211.0264684,8.099
2,7,93,0,57103.31,211.0264684,8.099
2,7,92,0,136093.09,211.0264684,8.099
2,8,21,0,10766.95,211.1608049,8.099
2,8,72,0,67967.89,211.1608049,8.099
2,8,3,0,41201.05,211.1608049,8.099
2,8,24,0,15464.74,211.1608049,8.099
2,8,87,0,30624.26,211.1608049,8.099
2,8,91,0,87675.4,211.1608049,8.099
2,8,55,0,10451.26,211.2951413,8.099
2,8,93,0,64721.64,211.2951413,8.099
2,8,96,0,35481.68,211.2951413,8.099
2,8,97,0,41497.35,211.2951413,8.099
2,8,5,0,19453.79,211.2951413,8.099
2,8,13,0,45660.53,211.2951413,8.099
2,8,38,0,76760.45,211.2596586,8.099
2,8,87,0,47167.02,211.2596586,8.099
2,8,74,0,18610.9,211.2596586,8.099
2,8,16,0,18214.97,211.2241759,8.099
2,8,49,0,15838.95,211.2241759,8.099
2,8,91,0,76424.83,211.2241759,8.099
2,8,34,0,18040.11,211.2241759,8.099
2,9,16,0,23042.29,211.1886931,8.099
2,9,91,0,80432.59,211.1886931,8.099
2,9,13,0,52807.63,211.1886931,8.099
2,9,4,0,48202.94,211.1886931,8.099
2,9,13,1,49352.6,211.1532104,8.099
2,9,90,1,96806.44,211.1532104,8.099
2,9,11,1,20700.25,211.1532104,8.099
2,9,14,0,18320.26,211.1806415,8.099
2,9,87,0,26318.2,211.1806415,8.099
2,9,80,0,26106.6,211.1806415,8.099
2,9,55,0,13285.82,211.1806415,8.099
2,9,93,0,65176.36,211.1806415,8.099
2,9,94,0,64265.54,211.1806415,8.099
2,9,97,0,39287.12,211.2552578,8.099
2,9,34,0,14356.45,211.2552578,8.099
2,9,5,0,23831.77,211.2552578,8.099
2,9,8,0,54894.49,211.2552578,8.099
2,10,14,0,18869.84,211.3298742,8.163
2,10,23,0,24515.96,211.3298742,8.163
2,10,16,0,13570.97,211.3298742,8.163
2,10,97,0,40245.49,211.3298742,8.163
2,10,16,0,13689.36,211.4044906,8.163
2,10,4,0,45818.11,211.4044906,8.163
2,10,74,0,14090.02,211.4044906,8.163
2,10,98,0,13082.49,211.4044906,8.163
2,10,90,0,89694.28,211.4713286,8.163
2,10,34,0,15650.0,211.4713286,8.163
2,10,95,0,141840.28,211.4713286,8.163
2,10,67,0,11503.32,211.4713286,8.163
2,10,94,0,62406.24,211.4713286,8.163
2,10,40,0,79263.34,211.5187208,8.163
2,10,42,0,10409.75,211.5187208,8.163
2,10,32,0,10267.45,211.5187208,8.163
2,10,46,0,25909.01,211.5187208,8.163
2,10,26,0,11454.81,211.5661131,8.163
2,10,34,0,15907.0,211.5661131,8.163
2,10,41,0,10499.0,211.5661131,8.163
2,10,10,0,33774.52,211.5661131,8.163
2,11,3,0,12098.73,211.6135053,8.163
2,11,13,0,50724.17,211.6135053,8.163
2,11,14,0,19859.89,211.6135053,8.163
2,11,94,0,60536.13,211.6135053,8.163
2,11,49,0,11679.7,211.6608975,8.163
2,11,17,0,14651.57,211.6608975,8.163
2,11,25,0,15578.51,211.6608975,8.163
2,11,46,0,28005.97,211.6608975,8.163
2,11,10,0,35013.43,211.6608975,8.163
2,11,94,0,61147.66,211.6608975,8.163
2,11,11,0,25460.69,211.5470304,8.163
2,11,22,0,14285.09,211.5470304,8.163
2,11,4,0,51524.46,211.5470304,8.163
2,11,40,0,79135.97,211.5470304,8.163
2,11,38,1,67842.43,211.4062867,8.163
2,11,5,1,102750.26,211.4062867,8.163
2,11,93,1,80760.92,211.4062867,8.163
2,11,40,1,74415.0,211.4062867,8.163
2,11,4,1,60904.49,211.4062867,8.163
2,12,81,0,28776.89,211.265543,8.163
2,12,93,0,57110.65,211.265543,8.163
2,12,33,0,10199.29,211.265543,8.163
2,12,72,0,106283.29,211.1247993,8.163
2,12,11,0,32312.31,211.1247993,8.163
2,12,6,0,11660.79,211.1247993,8.163
2,12,18,0,64334.44,211.1247993,8.163
2,12,33,0,21314.5,211.1247993,8.163
2,12,44,0,10338.92,211.1247993,8.163
2,12,10,0,38389.15,211.0645458,8.163
2,12,14,0,46254.94,211.0645458,8.163
2,12,58,0,17065.0,211.0645458,8.163
2,12,33,0,16425.53,211.0645458,8.163
2,12,92,0,201863.27,211.0645458,8.163
2,12,91,0,81895.35,211.0645458,8.163
2,12,67,0,26680.1,211.0646599,8.163
2,12,18,0,41304.01,211.0646599,8.163
2,12,32,0,55952.94,211.0646599,8.163
2,12,5,0,150343.42,211.0646599,8.163
2,12,41,0,10473.0,211.0646599,8.163
2,12,4,0,62586.93,211.0646599,8.163
2,12,44,0,11846.7,211.0646599,8.163
2,12,25,1,11574.68,211.064774,8.163
2,12,87,1,22206.22,211.064774,8.163
2,12,94,1,52718.16,211.064774,8.163
2,12,49,1,13798.16,211.064774,8.163
2,1,13,0,47995.82,211.0648881,8.028
2,1,55,0,12043.35,211.0648881,8.028
2,1,38,0,113047.81,211.0648881,8.028
2,1,74,0,24484.11,211.0648881,8.028
2,1,94,0,64150.93,211.0648881,8.028
2,1,90,0,97907.89,211.0648881,8.028
2,1,14,0,16438.95,211.1176713,8.028
2,1,3,0,12698.84,211.1176713,8.028
2,1,87,0,22760.65,211.4864691,8.028
2,1,96,0,28681.07,211.4864691,8.028
2,1,7,0,21683.09,211.4864691,8.028
2,1,58,0,10862.0,211.8552668,8.028
2,1,2,0,59940.76,211.8552668,8.028
2,1,94,0,61311.88,211.8552668,8.028
2,1,13,0,45608.19,211.8552668,8.028
2,1,40,0,80614.79,211.8552668,8.028
2,2,58,0,15459.0,212.2240646,8.028
2,2,23,0,34523.05,212.2240646,8.028
2,2,1,0,29606.98,212.2240646,8.028
2,2,16,0,11660.16,212.2240646,8.028
2,2,46,0,24130.23,212.2240646,8.028
2,2,55,1,16417.23,212.5928624,8.028
2,2,25,1,18730.4,212.5928624,8.028
2,2,94,1,73048.03,212.5928624,8.028
2,2,93,1,79757.96,212.5928624,8.028
2,2,91,1,94029.23,212.5928624,8.028
2,2,82,0,25776.87,212.9033115,8.028
2,2,22,0,20883.87,212.9033115,8.028
2,2,5,0,35418.87,212.9033115,8.028
2,2,34,0,17794.49,212.9033115,8.028
2,2,4,0,45097.36,212.9033115,8.028
2,2,49,0,20098.19,212.9033115,8.028
2,2,9,0,28025.24,212.9033115,8.028
2,2,98,0,13064.96,213.190421,8.028
2,2,96,0,28453.36,213.190421,8.028
2,2,92,0,148922.87,213.190421,8.028
2,2,16,0,23137.36,213.190421,8.028
2,3,49,0,24288.01,213.4775305,8.028
2,3,90,0,94776.94,213.4775305,8.028
2,3,8,0,57030.11,213.7646401,8.028
2,3,23,0,25194.24,213.7646401,8.028
2,3,80,0,26847.94,213.7646401,8.028
2,3,55,0,12038.35,213.7646401,8.028
2,3,9,0,47928.57,214.0156238,8.028
2,3,92,0,163448.56,214.0156238,8.028
2,3,22,0,15718.56,214.0156238,8.028
2,3,81,0,32904.99,214.0156238,8.028
2,3,91,0,81914.43,214.0156238,8.028
2,3,79,0,31009.02,214.0156238,8.028
2,3,58,0,19075.0,214.2521573,8.028
2,3,9,0,38087.99,214.2521573,8.028
2,3,8,0,51712.58,214.2521573,8.028
2,3,14,0,15337.73,214.2521573,8.028
2,4,9,0,35599.92,214.4886908,7.931
2,4,49,0,20783.39,214.4886908,7.931
2,4,10,0,39841.11,214.4886908,7.931
2,4,74,0,13449.29,214.4886908,7.931
2,4,4,0,42467.97,214.4886908,7.931
2,4,1,0,28223.45,214.7252242,7.931
2,4,3,0,11858.62,214.7252242,7.931
2,4,13,0,44846.88,214.7252242,7.931
2,4,2,0,62959.75,214.9420631,7.931
2,4,25,0,14324.69,214.9420631,7.931
2,4,80,0,26843.41,214.9420631,7.931
2,4,90,0,94579.01,214.9420631,7.931
2,4,11,0,23264.34,214.9420631,7.931
2,4,14,0,16252.3,215.1096657,7.931
2,4,46,0,29478.35,215.1096657,7.931
2,4,67,0,11968.4,215.1096657,7.931
2,4,58,0,16510.0,215.1096657,7.931
2,4,93,0,74152.45,215.1096657,7.931
2,4,40,0,72967.41,215.1096657,7.931
2,4,72,0,50801.34,215.2772683,7.931
2,4,80,0,24745.92,215.2772683,7.931
2,4,79,0,27723.11,215.2772683,7.931
2,4,46,0,26312.42,215.2772683,7.931
2,5,79,0,39376.31,215.4448709,7.931
2,5,13,0,43964.49,215.4448709,7.931
2,5,17,0,13051.75,215.4448709,7.931
2,5,91,0,81755.83,215.4448709,7.931
2,5,14,0,20475.27,215.4448709,7.931
2,5,40,0,78544.61,215.4448709,7.931
2,5,82,0,22366.42,215.6124735,7.931
2,5,25,0,16569.01,215.6124735,7.931
2,5,81,0,30768.44,215.6124735,7.931
2,5,94,0,91053.21,215.6124735,7.931
2,5,38,0,85819.76,215.3834778,7.931
2,5,67,0,11237.69,215.3834778,7.931
2,5,25,0,12881.55,215.3834778,7.931
2,5,46,0,28449.8,215.3834778,7.931
2,5,81,0,29405.16,215.3834778,7.931
2,5,92,0,148014.9,215.3834778,7.931
2,5,82,0,24816.37,215.1544822,7.931
2,5,46,0,28992.28,215.1544822,7.931
2,5,49,0,12109.46,215.1544822,7.931
2,5,8,0,60066.88,215.1544822,7.931
2,5,94,0,72953.94,215.1544822,7.931
2,6,40,0,72807.63,214.9254865,7.931
2,6,38,0,80662.09,214.9254865,7.931
2,6,58,0,20740.0,214.9254865,7.931
2,6,1,0,22174.12,214.9254865,7.931
2,6,94,0,77819.71,214.9254865,7.931
2,6,40,0,75759.85,214.6964908,7.931
2,6,93,0,72314.11,214.6964908,7.931
2,6,81,0,31090.96,214.6964908,7.931
2,6,98,0,12422.06,214.6964908,7.931
2,6,94,0,75595.88,214.6964908,7.931
2,6,95,0,160573.9,214.6513538,7.931
2,6,94,0,73845.31,214.6513538,7.931
2,6,49,0,16772.48,214.6513538,7.931
2,6,10,0,43647.92,214.6513538,7.931
2,6,13,0,42953.97,214.6513538,7.931
2,6,9,0,41473.39,214.6513538,7.931
2,6,7,0,33210.32,214.7441108,7.931
2,6,11,0,29889.05,214.7441108,7.931
2,6,3,0,10950.77,214.7441108,7.931
2,6,98,0,13580.33,214.7441108,7.931
2,7,92,0,147909.33,214.8368678,7.852
2,7,21,0,10241.1,214.8368678,7.852
2,7,91,0,75444.53,214.8368678,7.852
2,7,3,0,10217.77,214.8368678,7.852
2,7,80,0,27359.59,214.8368678,7.852
2,7,94,0,70932.78,215.0134426,7.852
2,7,79,0,30741.79,215.0134426,7.852
2,7,49,0,15181.56,215.0134426,7.852
2,7,97,0,42634.99,215.0134426,7.852
2,7,81,0,28551.15,215.0749122,7.852
2,7,90,0,90778.09,215.0749122,7.852
2,7,49,0,17386.67,215.0749122,7.852
2,7,97,0,39972.47,215.0749122,7.852
2,7,22,0,10043.93,215.0749122,7.852
2,7,8,0,52197.62,215.0749122,7.852
2,7,16,0,26455.06,215.1363819,7.852
2,7,11,0,25304.92,215.1363819,7.852
2,7,1,0,20783.05,215.1363819,7.852
2,7,97,0,36780.63,215.1363819,7.852
2,8,74,0,17818.76,215.1978515,7.852
2,8,58,0,21960.0,215.1978515,7.852
2,8,87,0,28359.46,215.1978515,7.852
2,8,34,0,19929.72,215.1978515,7.852
2,8,46,0,27829.25,215.1978515,7.852
2,8,81,0,29995.64,215.2593211,7.852
2,8,74,0,15503.87,215.2593211,7.852
2,8,82,0,21117.85,215.2593211,7.852
2,8,93,0,71791.57,215.2593211,7.852
2,8,38,0,79136.17,215.2593211,7.852
2,8,81,0,28834.69,215.3229307,7.852
2,8,98,0,12927.45,215.3229307,7.852
2,8,91,0,81847.97,215.3229307,7.852
2,8,13,0,43889.81,215.3229307,7.852
2,8,90,0,97227.21,215.3229307,7.852
2,8,4,0,44929.7,215.386897,7.852
2,8,14,0,16250.06,215.386897,7.852
2,8,46,0,26901.17,215.386897,7.852
2,8,38,0,83855.16,215.386897,7.852
2,8,80,0,24748.83,215.386897,7.852
2,8,98,0,12351.78,215.386897,7.852
2,8,90,0,94672.23,215.386897,7.852
2,9,38,0,79820.44,215.4508632,7.852
2,9,91,0,78299.63,215.4508632,7.852
2,9,17,0,13639.99,215.4508632,7.852
2,9,74,1,17105.4,215.5148295,7.852
2,9,46,1,24755.13,215.5148295,7.852
2,9,98,1,13024.47,215.5148295,7.852
2,9,82,0,19507.49,215.6944378,7.852
2,9,49,0,15250.61,215.6944378,7.852
2,9,95,0,142322.71,215.6944378,7.852
2,9,7,0,23412.76,215.6944378,7.852
2,9,14,0,15101.08,215.6944378,7.852
2,9,8,0,52273.31,215.6944378,7.852
2,9,95,0,135033.36,216.0282356,7.852
2,9,87,0,20776.12,216.0282356,7.852
2,9,22,0,12058.33,216.0282356,7.852
2,9,2,0,61698.6,216.3620333,7.852
2,9,46,0,26401.15,216.3620333,7.852
2,9,96,0,30570.75,216.3620333,7.852
2,10,38,0,86066.09,216.6958311,7.441
2,10,32,0,10200.7,216.6958311,7.441
2,10,49,0,12803.95,216.6958311,7.441
2,10,13,0,46943.82,216.6958311,7.441
2,10,91,0,85825.49,216.6958311,7.441
2,10,9,0,33227.59,216.6958311,7.441
2,10,58,0,16825.0,216.6958311,7.441
2,10,49,0,15821.69,217.0048261,7.441
2,10,91,0,81089.05,217.0048261,7.441
2,10,79,0,30514.52,217.0048261,7.441
2,10,7,0,49488.55,217.1650042,7.441
2,10,81,0,27723.18,217.1650042,7.441
2,10,11,0,19013.86,217.1650042,7.441
2,10,92,0,163289.88,217.1650042,7.441
2,10,55,0,12219.63,217.1650042,7.441
2,10,23,0,26066.91,217.3251824,7.441
2,10,7,0,41236.08,217.3251824,7.441
2,10,11,0,18158.84,217.3251824,7.441
2,10,81,0,27167.49,217.3251824,7.441
2,10,10,0,30883.52,217.3251824,7.441
2,10,8,0,53561.04,217.3251824,7.441
2,11,1,0,55729.13,217.4853605,7.441
2,11,26,0,13758.8,217.4853605,7.441
2,11,7,0,52930.19,217.4853605,7.441
2,11,97,0,38606.99,217.4853605,7.441
2,11,67,0,10095.2,217.4853605,7.441
2,11,21,0,10535.35,217.6455387,7.441
2,11,58,0,22532.0,217.6455387,7.441
2,11,55,0,23435.19,217.6455387,7.441
2,11,74,0,13717.34,217.6455387,7.441
2,11,95,0,134149.11,217.6455387,7.441
2,11,40,0,73268.69,217.8670218,7.441
2,11,11,0,19946.27,217.8670218,7.441
2,11,10,0,35556.45,217.8670218,7.441
2,11,18,0,18648.9,217.8670218,7.441
2,11,87,0,25753.2,217.8670218,7.441
2,11,97,0,41669.68,217.8670218,7.441
2,11,3,1,12113.22,218.1130269,7.441
2,11,10,1,41665.58,218.1130269,7.441
2,11,34,1,18976.89,218.1130269,7.441
2,11,22,1,26993.34,218.1130269,7.441
2,12,3,0,15569.24,218.3590319,7.441
2,12,34,0,18398.11,218.3590319,7.441
2,12,93,0,57618.49,218.3590319,7.441
2,12,82,0,30327.26,218.3590319,7.441
2,12,8,0,56405.4,218.3590319,7.441
2,12,11,0,32380.26,218.3590319,7.441
2,12,10,0,39676.61,218.3590319,7.441
2,12,95,0,123437.63,218.3590319,7.441
2,12,82,0,39165.75,218.605037,7.441
2,12,5,0,51509.07,218.605037,7.441
2,12,79,0,34789.8,218.605037,7.441
2,12,14,0,33026.41,218.605037,7.441
2,12,7,0,105859.41,218.605037,7.441
2,12,58,0,33704.0,218.8217928,7.441
2,12,11,0,27445.32,218.8217928,7.441
2,12,10,0,34525.95,218.8217928,7.441
2,12,7,0,138188.63,218.8217928,7.441
2,12,2,0,73364.19,218.8217928,7.441
2,12,95,0,144507.2,218.8217928,7.441
2,12,71,0,10342.82,218.9995495,7.441
2,12,18,0,38458.19,218.9995495,7.441
2,12,98,0,22628.7,218.9995495,7.441
2,12,96,0,42138.76,218.9995495,7.441
2,12,95,0,159455.31,218.9995495,7.441
2,12,74,1,23277.71,219.1773063,7.441
2,12,92,1,142937.91,219.1773063,7.441
2,12,13,1,38064.22,219.1773063,7.441
2,12,96,1,37214.74,219.1773063,7.441
2,12,1,1,31246.27,219.1773063,7.441
2,1,87,0,26663.78,219.355063,7.057
2,1,98,0,11975.62,219.355063,7.057
2,1,96,0,35714.79,219.355063,7.057
2,1,10,0,32722.18,219.355063,7.057
2,1,11,0,22074.3,219.355063,7.057
2,1,4,0,49377.61,219.355063,7.057
2,1,94,0,67302.61,219.5328198,7.057
2,1,13,0,44436.58,219.5328198,7.057
2,1,9,0,21620.99,219.5328198,7.057
2,1,1,0,23397.02,219.6258417,7.057
2,1,91,0,81990.68,219.6258417,7.057
2,1,72,0,68331.35,219.7188636,7.057
2,1,2,0,58151.34,219.7188636,7.057
2,1,1,0,22833.08,219.7188636,7.057
2,1,91,0,75421.58,219.7188636,7.057
2,2,79,0,40186.6,219.8118854,7.057
2,2,92,0,176421.91,219.8118854,7.057
2,2,46,0,31293.0,219.8118854,7.057
2,2,2,0,71322.01,219.8118854,7.057
2,2,94,0,68617.01,219.8118854,7.057
2,2,81,1,31655.05,219.9049073,7.057
2,2,98,1,16000.63,219.9049073,7.057
2,2,10,1,40209.17,219.9049073,7.057
2,2,17,1,17675.28,219.9049073,7.057
2,2,94,1,68065.46,219.9049073,7.057
2,2,17,0,17462.79,220.0651993,7.057
2,2,67,0,35002.08,220.0651993,7.057
2,2,22,0,21783.68,220.0651993,7.057
2,2,95,0,140760.34,220.0651993,7.057
2,2,32,0,26006.61,220.0651993,7.057
2,2,2,0,70027.01,220.0651993,7.057
2,2,3,0,15257.84,220.0651993,7.057
2,2,90,0,96603.87,220.275944,7.057
2,2,95,0,131693.93,220.275944,7.057
2,2,1,0,25613.67,220.275944,7.057
2,2,13,0,45058.78,220.275944,7.057
2,2,92,0,164492.45,220.275944,7.057
2,3,46,0,30801.94,220.4866886,7.057
2,3,95,0,138306.17,220.4866886,7.057
2,3,10,0,45681.61,220.4866886,7.057
2,3,8,0,61957.12,220.4866886,7.057
2,3,3,0,13030.26,220.4866886,7.057
2,3,80,0,27260.86,220.6974332,7.057
2,3,8,0,59860.21,220.6974332,7.057
2,3,34,0,15614.73,220.6974332,7.057
2,3,32,0,10818.66,220.6974332,7.057
2,3,23,0,26863.95,220.6974332,7.057
2,3,58,0,24535.0,220.8498468,7.057
2,3,38,0,80460.48,220.8498468,7.057
2,3,2,0,68851.41,220.8498468,7.057
2,3,11,0,22737.58,220.8498468,7.057
2,3,16,0,39796.37,220.9244858,7.057
2,3,17,0,12921.86,220.9244858,7.057
2,3,94,0,66907.1,220.9244858,7.057
2,3,82,0,22472.74,220.9991248,7.057
2,3,74,0,13894.83,220.9991248,7.057
2,3,72,0,59791.65,220.9991248,7.057
2,3,80,0,26291.17,220.9991248,7.057
2,3,4,0,42958.64,220.9991248,7.057
2,4,4,0,48565.55,221.0737638,6.891
2,4,46,0,29031.26,221.0737638,6.891
2,4,95,0,154687.65,221.0737638,6.891
2,4,79,0,38620.25,221.0737638,6.891
2,4,38,0,74538.14,221.0737638,6.891
2,4,95,0,146405.22,221.1484028,6.891
2,4,98,0,14514.57,221.1484028,6.891
2,4,82,0,25442.01,221.1484028,6.891
2,4,11,0,18762.92,221.1484028,6.891
2,4,13,0,43826.64,221.1484028,6.891
2,4,16,0,49269.1,221.1484028,6.891
2,4,82,0,21863.21,221.2021074,6.891
2,4,11,0,20007.3,221.2021074,6.891
2,4,96,0,33813.05,221.2021074,6.891
2,4,72,0,58340.74,221.2021074,6.891
2,4,10,0,39143.02,221.2021074,6.891
2,4,4,0,45655.92,221.2021074,6.891
2,4,92,0,151824.37,221.255812,6.891
2,4,4,0,42459.29,221.255812,6.891
2,4,58,0,20245.0,221.255812,6.891
2,4,9,0,39796.72,221.255812,6.891
2,4,16,0,47384.36,221.255812,6.891
2,4,13,0,43820.31,221.255812,6.891
2,5,82,0,22197.77,221.3095166,6.891
2,5,96,0,38696.77,221.3095166,6.891
2,5,72,0,62793.16,221.3095166,6.891
2,5,10,0,40760.8,221.3095166,6.891
2,5,81,0,33032.54,221.3632212,6.891
2,5,5,0,19210.13,221.3632212,6.891
2,5,97,0,42499.94,221.3632212,6.891
2,5,14,0,24262.67,221.380331,6.891
2,5,25,0,16587.87,221.380331,6.891
2,5,1,0,25982.7,221.380331,6.891
2,5,49,0,12640.72,221.380331,6.891
2,5,92,0,157451.13,221.3828029,6.891
2,5,80,0,25363.05,221.3828029,6.891
2,5,97,0,42118.25,221.3828029,6.891
2,5,58,0,17120.0,221.3828029,6.891
2,5,95,0,155112.08,221.3828029,6.891
2,5,49,0,16869.34,221.3828029,6.891
2,6,23,0,32328.81,221.3852748,6.891
2,6,74,0,17087.07,221.3852748,6.891
2,6,8,0,60451.26,221.3852748,6.891
2,6,1,0,23076.47,221.3852748,6.891
2,6,32,0,11971.36,221.3852748,6.891
2,6,96,0,46073.07,221.3852748,6.891
2,6,74,0,18514.35,221.3877467,6.891
2,6,72,0,54548.55,221.3877467,6.891
2,6,79,0,37370.29,221.3877467,6.891
2,6,14,0,22170.57,221.3877467,6.891
2,6,96,0,40965.05,221.3877467,6.891
2,6,98,0,12484.9,221.4009901,6.891
2,6,17,0,14742.77,221.4009901,6.891
2,6,38,0,84143.04,221.4009901,6.891
2,6,25,0,15002.93,221.4009901,6.891
2,6,97,0,43933.87,221.4009901,6.891
2,6,23,0,35212.8,221.4009901,6.891
2,6,8,0,61053.52,221.4411622,6.891
2,6,72,0,61338.77,221.4411622,6.891
2,6,40,0,78545.03,221.4411622,6.891
2,6,11,0,23936.9,221.4411622,6.891
2,6,9,0,38207.85,221.4411622,6.891
2,6,91,0,78681.03,221.4411622,6.891
2,6,98,0,11684.77,221.4813343,6.891
2,6,93,0,69567.53,221.4813343,6.891
2,6,16,0,48796.53,221.4813343,6.891
2,6,1,0,23580.74,221.4813343,6.891
2,6,34,0,20555.5,221.4813343,6.891
2,7,2,0,70409.25,221.5215064,6.565
2,7,3,0,12846.88,221.5215064,6.565
2,7,34,0,21705.75,221.5215064,6.565
2,7,82,0,26059.11,221.5215064,6.565
2,7,94,0,79023.73,221.5215064,6.565
2,7,40,0,73179.59,221.5616784,6.565
2,7,5,0,20668.27,221.5616784,6.565
2,7,3,0,26353.05,221.5701123,6.565
2,7,93,0,73731.31,221.5701123,6.565
2,7,96,0,37624.56,221.5701123,6.565
2,7,92,0,156687.73,221.5785461,6.565
2,7,90,0,94910.2,221.5785461,6.565
2,7,13,0,44651.67,221.5785461,6.565
2,7,17,0,11696.19,221.5785461,6.565
2,7,93,0,68046.55,221.5785461,6.565
2,8,92,0,170120.39,221.5869799,6.565
2,8,8,0,62664.95,221.5869799,6.565
2,8,7,0,27606.23,221.5869799,6.565
2,8,93,0,76421.8,221.5869799,6.565
2,8,49,0,17348.56,221.5869799,6.565
2,8,81,0,31641.63,221.5954138,6.565
2,8,82,0,24627.22,221.5954138,6.565
2,8,58,0,22745.0,221.5954138,6.565
2,8,80,0,27147.01,221.5954138,6.565
2,8,98,0,12146.49,221.5954138,6.565
2,8,5,0,20644.15,221.6751459,6.565
2,8,74,0,18755.56,221.6751459,6.565
2,8,7,0,26030.66,221.6751459,6.565
2,8,87,0,25048.39,221.6751459,6.565
2,8,40,0,77078.83,221.6751459,6.565
2,8,13,0,45854.8,221.6751459,6.565
2,8,1,0,24793.54,221.6751459,6.565
2,8,74,0,19316.35,221.8083518,6.565
2,8,5,0,28013.73,221.8083518,6.565
2,8,80,0,25033.85,221.8083518,6.565
2,8,13,0,46305.29,221.8083518,6.565
2,8,98,0,11787.22,221.8083518,6.565
2,8,22,0,12980.36,221.9415576,6.565
2,8,55,0,10511.14,221.9415576,6.565
2,8,34,0,15626.89,221.9415576,6.565
2,9,5,1,18819.51,222.0747635,6.565
2,9,72,1,65524.14,222.0747635,6.565
2,9,95,1,155701.57,222.0747635,6.565
2,9,80,1,26895.99,222.0747635,6.565
2,9,13,1,46471.17,222.0747635,6.565
2,9,2,1,66273.96,222.0747635,6.565
2,9,5,0,22075.36,222.2174395,6.565
2,9,80,0,25811.35,222.2174395,6.565
