1,2,38,0,115564.35,211.0963582,8.106
1,2,80,0,15694.17,211.0963582,8.106
1,2,90,0,76419.47,211.0963582,8.106
1,2,91,0,62424.14,211.0963582,8.106
1,2,22,0,13623.98,211.0963582,8.106
1,2,4,1,35351.21,211.2421698,8.106
1,2,11,1,21760.75,211.2421698,8.106
1,2,82,1,20949.36,211.2421698,8.106
1,2,94,1,62329.48,211.2421698,8.106
1,2,10,1,31494.77,211.2421698,8.106
1,2,92,1,143081.42,211.2421698,8.106
1,2,13,0,37857.68,211.2891429,8.106
1,2,87,0,33593.8,211.2891429,8.106
1,2,5,0,26468.27,211.2891429,8.106
1,2,46,0,22414.94,211.2891429,8.106
1,2,23,0,21381.85,211.2891429,8.106
1,2,67,0,16411.69,211.2891429,8.106
1,2,3,0,11135.17,211.3196429,8.106
1,2,4,0,34660.16,211.3196429,8.106
1,2,23,0,17798.37,211.3196429,8.106
1,2,80,0,15673.94,211.3196429,8.106
1,2,81,0,28213.79,211.3196429,8.106
1,3,3,0,12275.58,211.3501429,8.106
1,3,81,0,29957.47,211.3501429,8.106
1,3,92,0,132945.44,211.3501429,8.106
1,3,25,0,10705.75,211.3806429,8.106
1,3,80,0,14708.62,211.3806429,8.106
1,3,91,0,63668.62,211.3806429,8.106
1,3,46,0,18114.67,211.3806429,8.106
1,3,93,0,63593.12,211.3806429,8.106
1,3,92,0,124418.65,211.3806429,8.106
1,3,34,0,11709.0,211.3806429,8.106
1,3,80,0,15871.19,211.215635,8.106
1,3,38,0,71165.72,211.215635,8.106
1,3,40,0,57384.35,211.215635,8.106
1,3,55,0,11836.92,211.0180424,8.106
1,3,95,0,113117.35,211.0180424,8.106
1,4,55,0,13435.38,210.8204499,7.808
1,4,80,0,14810.01,210.8204499,7.808
1,4,23,0,18666.57,210.8204499,7.808
1,4,81,0,29649.34,210.8204499,7.808
1,4,46,0,19053.49,210.8204499,7.808
1,4,9,0,26113.67,210.6228574,7.808
1,4,95,0,116770.82,210.6228574,7.808
1,4,97,0,32544.27,210.6228574,7.808
1,4,7,0,20516.64,210.6228574,7.808
1,4,55,0,11185.09,210.6228574,7.808
1,4,14,0,12309.14,210.4887,7.808
1,4,95,0,126341.84,210.4887,7.808
1,4,81,0,28518.47,210.4887,7.808
1,4,94,0,67420.53,210.4887,7.808
1,4,2,0,44418.11,210.4391228,7.808
1,4,94,0,60764.62,210.4391228,7.808
1,4,5,0,24763.98,210.4391228,7.808
1,4,95,0,107648.14,210.3895456,7.808
1,4,79,0,30450.45,210.3895456,7.808
1,4,12,0,10651.84,210.3895456,7.808
1,4,8,0,34168.23,210.3895456,7.808
1,4,97,0,29095.46,210.3895456,7.808
1,5,9,0,27588.34,210.3399684,7.808
1,5,56,0,11085.84,210.3399684,7.808
1,5,11,0,28928.31,210.3399684,7.808
1,5,12,0,12761.39,210.3399684,7.808
1,5,94,0,78903.78,210.3374261,7.808
1,5,2,0,43675.61,210.3374261,7.808
1,5,93,0,68273.13,210.3374261,7.808
1,5,38,0,91179.51,210.3374261,7.808
1,5,25,0,11247.0,210.3374261,7.808
1,5,55,0,12395.06,210.6170934,7.808
1,5,74,0,10848.88,210.6170934,7.808
1,5,11,0,27266.41,210.6170934,7.808
1,5,7,0,28726.86,210.6170934,7.808
1,5,8,0,35046.1,210.8967606,7.808
1,5,91,0,53686.79,210.8967606,7.808
1,5,34,0,13976.83,210.8967606,7.808
1,5,46,0,19693.66,210.8967606,7.808
1,6,1,0,17558.09,211.1764278,7.808
1,6,34,0,16317.32,211.1764278,7.808
1,6,79,0,42732.59,211.1764278,7.808
1,6,10,0,34227.73,211.1764278,7.808
1,6,9,0,36317.39,211.1764278,7.808
1,6,14,0,13516.74,211.4560951,7.808
1,6,80,0,15921.66,211.4560951,7.808
1,6,11,0,34807.01,211.4537719,7.808
1,6,16,0,34603.43,211.4537719,7.808
1,6,81,0,30070.24,211.4537719,7.808
1,6,5,0,19054.58,211.3386526,7.808
1,6,25,0,10956.25,211.3386526,7.808
1,6,16,0,34121.08,211.3386526,7.808
1,6,98,0,11254.16,211.3386526,7.808
1,7,87,0,42866.79,211.2235333,7.787
1,7,10,0,29779.96,211.2235333,7.787
1,7,11,0,26880.74,211.2235333,7.787
1,7,1,0,16333.14,211.2235333,7.787
1,7,14,0,13494.79,211.2235333,7.787
1,7,94,0,64929.24,211.108414,7.787
1,7,74,0,15358.43,211.108414,7.787
1,7,34,0,11345.7,211.108414,7.787
1,7,5,0,17918.22,211.1003854,7.787
1,7,97,0,35429.54,211.1003854,7.787
1,7,90,0,71934.19,211.1003854,7.787
1,7,98,0,10391.77,211.1003854,7.787
1,7,34,0,10174.33,211.1003854,7.787
1,7,46,0,16545.46,211.1003854,7.787
1,7,12,0,11743.8,211.2351443,7.787
1,7,90,0,71207.64,211.2351443,7.787
1,7,49,0,12416.75,211.2351443,7.787
1,7,10,0,29613.51,211.3699032,7.787
1,7,49,0,12104.31,211.3699032,7.787
1,7,1,0,15381.82,211.3699032,7.787
1,8,4,0,40973.88,211.5046621,7.787
1,8,72,0,39070.7,211.5046621,7.787
1,8,38,0,93809.75,211.5046621,7.787
1,8,10,0,35078.09,211.5046621,7.787
1,8,98,0,10210.44,211.5046621,7.787
1,8,5,0,15544.62,211.6394211,7.787
1,8,3,0,30640.54,211.6394211,7.787
1,8,72,0,42051.15,211.6394211,7.787
1,8,23,0,20503.99,211.6394211,7.787
1,8,91,0,62615.88,211.6033633,7.787
1,8,93,0,61192.75,211.6033633,7.787
1,8,90,0,72447.85,211.6033633,7.787
1,8,49,0,11546.03,211.6033633,7.787
1,8,87,0,34298.59,211.5673056,7.787
1,8,90,0,69272.76,211.5673056,7.787
1,8,49,0,11259.78,211.5673056,7.787
1,8,1,0,15793.87,211.5673056,7.787
1,9,40,0,60555.12,211.5312479,7.787
1,9,1,0,16241.78,211.5312479,7.787
1,9,11,1,16107.93,211.4951902,7.787
1,9,10,1,32256.12,211.4951902,7.787
1,9,49,1,10138.47,211.4951902,7.787
1,9,96,1,32404.72,211.4951902,7.787
1,9,91,1,68960.79,211.4951902,7.787
1,9,92,0,129176.82,211.5224596,7.787
1,9,98,0,10745.44,211.5224596,7.787
1,9,72,0,43582.89,211.5224596,7.787
1,9,9,0,28481.77,211.5224596,7.787
1,9,87,0,37790.47,211.5224596,7.787
1,9,23,0,15671.19,211.5972246,7.787
1,9,97,0,31177.11,211.5972246,7.787
1,10,1,0,20094.19,211.6719895,7.838
1,10,82,0,20110.05,211.6719895,7.838
1,10,7,0,16481.79,211.6719895,7.838
1,10,91,0,68156.49,211.7467544,7.838
1,10,9,0,35836.59,211.7467544,7.838
1,10,93,0,73532.13,211.7467544,7.838
1,10,1,0,26978.34,211.8137436,7.838
1,10,97,0,38436.02,211.8137436,7.838
1,10,55,0,10663.59,211.8137436,7.838
1,10,80,0,17350.62,211.8137436,7.838
1,10,4,0,34693.27,211.8137436,7.838
1,10,91,0,55953.41,211.8612937,7.838
1,10,1,0,25543.04,211.8612937,7.838
1,10,7,0,15395.27,211.8612937,7.838
1,10,80,0,14968.65,211.8612937,7.838
1,10,55,0,10390.81,211.8612937,7.838
1,10,97,0,32281.74,211.9088438,7.838
1,10,9,0,31330.47,211.9088438,7.838
1,10,4,0,35202.44,211.9088438,7.838
1,11,81,0,28962.33,211.9563939,7.838
1,11,80,0,15412.29,211.9563939,7.838
1,11,96,0,27824.48,211.9563939,7.838
1,11,13,0,36817.35,212.003944,7.838
1,11,12,0,11313.89,212.003944,7.838
1,11,1,0,19549.39,212.003944,7.838
1,11,11,0,21880.47,212.003944,7.838
1,11,10,0,26288.47,212.003944,7.838
1,11,96,0,28019.2,212.003944,7.838
1,11,18,0,15020.49,211.8896737,7.838
1,11,82,0,20964.18,211.8896737,7.838
1,11,8,0,35759.26,211.8896737,7.838
1,11,40,0,58214.46,211.8896737,7.838
1,11,18,1,33967.24,211.7484333,7.838
1,11,17,1,13337.59,211.7484333,7.838
1,11,82,1,24770.41,211.7484333,7.838
1,11,5,1,70158.86,211.7484333,7.838
1,12,8,0,36222.74,211.607193,7.838
1,12,92,0,119421.7,211.607193,7.838
1,12,4,0,37110.55,211.607193,7.838
1,12,18,0,53845.12,211.607193,7.838
1,12,97,0,36498.68,211.4659526,7.838
1,12,11,0,27581.07,211.4659526,7.838
1,12,24,0,10646.0,211.4659526,7.838
1,12,80,0,17072.7,211.4659526,7.838
1,12,32,0,20124.62,211.4053124,7.838
1,12,22,0,13589.23,211.4053124,7.838
1,12,7,0,96198.12,211.4053124,7.838
1,12,49,0,10481.37,211.4053124,7.838
1,12,11,0,28597.5,211.4053124,7.838
1,12,9,0,28716.62,211.4053124,7.838
1,12,97,0,35614.14,211.4053124,7.838
1,12,32,0,43995.62,211.4051222,7.838
1,12,26,0,14479.39,211.4051222,7.838
1,12,33,0,13832.52,211.4051222,7.838
1,12,13,0,37099.47,211.4051222,7.838
1,12,1,1,19124.58,211.4049321,7.838
1,12,13,1,34081.52,211.4049321,7.838
1,12,93,1,56721.18,211.4049321,7.838
1,1,7,0,17516.16,211.4047419,7.742
1,1,91,0,66465.54,211.4047419,7.742
1,1,9,0,16131.88,211.4047419,7.742
1,1,90,0,78502.53,211.4047419,7.742
1,1,96,0,19811.34,211.4574109,7.742
1,1,55,0,12265.69,211.8272343,7.742
1,1,97,0,31942.34,211.8272343,7.742
1,1,9,0,11355.87,211.8272343,7.742
1,1,40,0,60671.09,212.1970577,7.742
1,1,95,0,99043.34,212.1970577,7.742
1,1,87,0,48412.8,212.1970577,7.742
1,1,2,0,41651.01,212.1970577,7.742
1,1,79,0,27962.54,212.1970577,7.742
1,1,80,0,14709.23,212.1970577,7.742
1,2,14,0,14051.43,212.5668812,7.742
1,2,81,0,31040.12,212.5668812,7.742
1,2,4,0,35870.49,212.5668812,7.742
1,2,38,0,86132.01,212.5668812,7.742
1,2,90,0,86958.66,212.5668812,7.742
1,2,11,1,17711.78,212.9367046,7.742
1,2,5,1,36667.65,212.9367046,7.742
1,2,1,1,37887.17,212.9367046,7.742
1,2,95,1,117548.75,212.9367046,7.742
1,2,22,1,10871.95,212.9367046,7.742
1,2,7,1,21169.06,212.9367046,7.742
1,2,14,0,17304.81,213.2478853,7.742
1,2,46,0,23922.06,213.2478853,7.742
1,2,95,0,112165.8,213.2478853,7.742
1,2,2,0,49202.06,213.2478853,7.742
1,2,4,0,36479.25,213.2478853,7.742
1,2,14,0,15411.12,213.535609,7.742
1,2,55,0,14125.3,213.535609,7.742
1,2,80,0,15171.01,213.535609,7.742
1,3,40,0,68427.08,213.8233327,7.742
1,3,94,0,67507.29,214.1110564,7.742
1,3,90,0,79913.3,214.1110564,7.742
1,3,72,0,43535.72,214.1110564,7.742
1,3,11,0,18717.53,214.1110564,7.742
1,3,72,0,43128.73,214.3627114,7.742
1,3,87,0,48055.54,214.3627114,7.742
1,3,95,0,123405.41,214.3627114,7.742
1,3,40,0,61393.06,214.5999389,7.742
1,3,38,0,69677.06,214.5999389,7.742
1,3,16,0,48217.85,214.5999389,7.742
1,4,72,0,36258.07,214.8371664,7.682
1,4,5,0,23598.55,214.8371664,7.682
1,4,13,0,37630.13,214.8371664,7.682
1,4,92,0,140374.76,215.0743939,7.682
1,4,4,0,36514.43,215.0743939,7.682
1,4,26,0,32563.54,215.0743939,7.682
1,4,80,0,16565.09,215.2918561,7.682
1,4,87,0,45186.22,215.2918561,7.682
1,4,11,0,25526.24,215.2918561,7.682
1,4,40,0,59002.81,215.2918561,7.682
1,4,13,0,35464.71,215.4599053,7.682
1,4,94,0,73194.65,215.4599053,7.682
1,4,80,0,16110.57,215.4599053,7.682
1,4,90,0,80709.38,215.4599053,7.682
1,4,10,0,34446.35,215.4599053,7.682
1,4,92,0,112882.46,215.6279544,7.682
1,4,94,0,68973.95,215.6279544,7.682
1,4,80,0,15630.25,215.6279544,7.682
1,4,10,0,28188.01,215.6279544,7.682
1,5,82,0,21181.28,215.7960035,7.682
1,5,9,0,23957.45,215.7960035,7.682
1,5,11,0,23607.73,215.7960035,7.682
1,5,2,0,50139.92,215.7960035,7.682
1,5,93,0,79231.58,215.7960035,7.682
1,5,10,0,28902.6,215.7960035,7.682
1,5,67,0,17687.93,215.9640526,7.682
1,5,34,0,13181.27,215.9640526,7.682
1,5,2,0,44274.15,215.9640526,7.682
1,5,40,0,54974.92,215.9640526,7.682
1,5,4,0,34137.41,215.7339202,7.682
1,5,23,0,17367.03,215.7339202,7.682
1,5,7,0,18787.41,215.7339202,7.682
1,5,96,0,43160.13,215.5037878,7.682
1,5,93,0,66607.96,215.5037878,7.682
1,5,98,0,12147.76,215.5037878,7.682
1,6,14,0,13056.1,215.2736553,7.682
1,6,16,0,44919.99,215.2736553,7.682
1,6,34,0,12748.99,215.2736553,7.682
1,6,96,0,45278.54,215.2736553,7.682
1,6,23,0,22916.25,215.2736553,7.682
1,6,87,0,54807.83,215.2736553,7.682
1,6,82,0,20543.68,215.0435229,7.682
1,6,87,0,48268.61,215.0435229,7.682
1,6,49,0,11447.02,215.0435229,7.682
1,6,5,0,18648.73,215.0435229,7.682
1,6,2,0,46363.93,215.0435229,7.682
1,6,14,0,12884.03,214.9980596,7.682
1,6,90,0,84721.24,214.9980596,7.682
1,6,82,0,19190.57,214.9980596,7.682
1,6,96,0,38266.17,214.9980596,7.682
1,6,93,0,78948.63,214.9980596,7.682
1,6,5,0,21695.24,215.0910982,7.682
1,6,49,0,10370.58,215.0910982,7.682
1,6,87,0,45183.0,215.0910982,7.682
1,7,1,0,15363.5,215.1841368,7.962
1,7,2,0,45247.74,215.1841368,7.962
1,7,87,0,55289.47,215.1841368,7.962
1,7,4,0,36451.71,215.1841368,7.962
1,7,14,0,13459.55,215.1841368,7.962
1,7,2,0,44623.23,215.2771754,7.962
1,7,11,0,31642.79,215.2771754,7.962
1,7,16,0,32379.77,215.2771754,7.962
1,7,95,0,133213.04,215.2771754,7.962
1,7,5,0,17989.45,215.2771754,7.962
1,7,72,0,37570.26,215.3611087,7.962
1,7,82,0,18346.17,215.3611087,7.962
1,7,95,0,127906.5,215.3611087,7.962
1,7,5,0,18444.8,215.3611087,7.962
1,7,87,0,44682.84,215.3611087,7.962
1,7,46,0,18212.87,215.4222784,7.962
1,7,96,0,33359.3,215.4222784,7.962
1,7,1,0,15766.6,215.4222784,7.962
1,7,5,0,19331.53,215.4222784,7.962
1,7,90,0,73528.32,215.4834482,7.962
1,7,95,0,117284.94,215.4834482,7.962
1,7,82,0,16405.74,215.4834482,7.962
1,7,81,0,26624.75,215.4834482,7.962
1,8,94,0,71058.02,215.544618,7.962
1,8,7,0,17388.43,215.544618,7.962
1,8,97,0,37747.44,215.6057878,7.962
1,8,90,0,88561.84,215.6057878,7.962
1,8,2,0,45341.92,215.6057878,7.962
1,8,91,0,71768.89,215.6057878,7.962
1,8,14,0,12652.58,215.6057878,7.962
1,8,72,0,39234.13,215.6057878,7.962
1,8,81,0,30549.41,215.6057878,7.962
1,8,46,0,17501.25,215.6693107,7.962
1,8,8,0,32707.8,215.6693107,7.962
1,8,72,0,42481.55,215.6693107,7.962
1,8,24,0,13670.95,215.7332258,7.962
1,8,92,0,117474.47,215.7332258,7.962
1,8,81,0,27927.33,215.7332258,7.962
1,8,94,0,66796.49,215.7332258,7.962
1,8,14,0,14364.42,215.7332258,7.962
1,9,96,0,32784.16,215.7971409,7.962
1,9,92,0,131142.28,215.7971409,7.962
1,9,98,0,10663.12,215.7971409,7.962
1,9,14,0,12708.18,215.7971409,7.962
1,9,97,0,36907.61,215.7971409,7.962
1,9,1,0,15277.27,215.7971409,7.962
1,9,8,1,34246.67,215.861056,7.962
1,9,5,1,19075.78,215.861056,7.962
1,9,9,1,35450.71,215.861056,7.962
1,9,4,1,35105.96,215.861056,7.962
1,9,38,1,77634.79,215.861056,7.962
1,9,95,0,133939.4,216.0410526,7.962
1,9,87,0,46154.22,216.0410526,7.962
1,9,11,0,19000.25,216.0410526,7.962
1,9,5,0,19386.23,216.0410526,7.962
1,9,92,0,143870.73,216.0410526,7.962
1,9,11,0,17228.02,216.3758246,7.962
1,9,95,0,116165.28,216.3758246,7.962
1,9,91,0,59924.91,216.3758246,7.962
1,9,1,0,18337.68,216.7105965,7.962
1,9,87,0,49105.85,216.7105965,7.962
1,9,3,0,10434.83,216.7105965,7.962
1,10,40,0,62225.38,217.0453684,7.866
1,10,87,0,60958.58,217.0453684,7.866
1,10,94,0,66759.5,217.0453684,7.866
1,10,8,0,36759.96,217.0453684,7.866
1,10,38,0,83059.47,217.0453684,7.866
1,10,92,0,145457.88,217.3552733,7.866
1,10,14,0,13440.89,217.3552733,7.866
1,10,90,0,90202.21,217.3552733,7.866
1,10,10,0,30888.69,217.3552733,7.866
1,10,38,0,76702.9,217.5159762,7.866
1,10,82,0,19610.25,217.5159762,7.866
1,10,4,0,33954.55,217.5159762,7.866
1,10,3,0,10136.78,217.5159762,7.866
1,10,34,0,10716.87,217.5159762,7.866
1,10,80,0,16612.64,217.6766791,7.866
1,10,96,0,32168.33,217.6766791,7.866
1,10,23,0,19970.49,217.6766791,7.866
1,10,5,0,26391.79,217.6766791,7.866
1,11,18,0,14133.85,217.837382,7.866
1,11,82,0,19833.86,217.837382,7.866
1,11,94,0,59511.97,217.837382,7.866
1,11,90,0,91762.29,217.837382,7.866
1,11,95,0,114793.92,217.837382,7.866
1,11,55,0,23728.53,217.9980849,7.866
1,11,18,0,10170.41,217.9980849,7.866
1,11,96,0,31945.48,217.9980849,7.866
1,11,92,0,165723.32,217.9980849,7.866
1,11,18,0,14159.67,218.2205088,7.866
1,11,49,0,11526.57,218.2205088,7.866
1,11,87,0,43185.42,218.2205088,7.866
1,11,98,0,13327.82,218.2205088,7.866
1,11,72,0,43050.78,218.2205088,7.866
1,11,40,0,56500.66,218.2205088,7.866
1,11,96,1,45408.45,218.4676211,7.866
1,11,72,1,203670.47,218.4676211,7.866
1,11,5,1,79340.15,218.4676211,7.866
1,11,14,1,39773.89,218.4676211,7.866
1,11,9,1,42228.79,218.4676211,7.866
1,12,74,0,10148.65,218.7147333,7.866
1,12,25,0,10721.09,218.7147333,7.866
1,12,94,0,48815.7,218.7147333,7.866
1,12,2,0,45928.14,218.7147333,7.866
1,12,98,0,14921.54,218.9618456,7.866
1,12,94,0,52715.57,218.9618456,7.866
1,12,81,0,29622.19,218.9618456,7.866
1,12,49,0,10631.16,218.9618456,7.866
1,12,81,0,30033.48,219.1794533,7.866
1,12,34,0,14714.73,219.1794533,7.866
1,12,46,0,33643.26,219.1794533,7.866
1,12,6,0,10022.4,219.1794533,7.866
1,12,38,0,77567.96,219.1794533,7.866
1,12,80,0,20943.81,219.1794533,7.866
1,12,10,0,30816.81,219.1794533,7.866
1,12,34,0,16180.84,219.3577216,7.866
1,12,21,0,13551.98,219.3577216,7.866
1,12,6,0,18931.11,219.3577216,7.866
1,12,5,0,61483.82,219.3577216,7.866
1,12,94,1,48990.5,219.5359898,7.866
1,12,2,1,43539.94,219.5359898,7.866
1,12,10,1,26147.46,219.5359898,7.866
1,12,79,1,27676.43,219.5359898,7.866
1,1,55,0,13677.11,219.7142581,7.348
1,1,8,0,36797.0,219.7142581,7.348
1,1,72,0,39235.39,219.7142581,7.348
1,1,92,0,158154.78,219.8925263,7.348
1,1,23,0,15395.96,219.8925263,7.348
1,1,5,0,19281.61,219.8925263,7.348
1,1,94,0,62645.2,219.8925263,7.348
1,1,91,0,65605.04,219.9856893,7.348
1,1,92,0,140411.05,219.9856893,7.348
1,1,23,0,13738.46,219.9856893,7.348
1,1,95,0,113021.23,219.9856893,7.348
1,1,10,0,25331.83,219.9856893,7.348
1,1,90,0,86442.53,219.9856893,7.348
1,1,87,0,42276.55,219.9856893,7.348
1,1,82,0,16034.0,220.0788523,7.348
1,1,10,0,23650.22,220.0788523,7.348
1,1,49,0,10203.51,220.0788523,7.348
1,1,87,0,45365.88,220.0788523,7.348
1,2,97,0,35049.26,220.1720153,7.348
1,2,8,0,40069.47,220.1720153,7.348
1,2,40,0,67574.43,220.1720153,7.348
1,2,9,0,19427.31,220.1720153,7.348
1,2,18,1,12687.47,220.2651783,7.348
1,2,92,1,158241.98,220.2651783,7.348
1,2,67,1,13046.77,220.2651783,7.348
1,2,18,0,26992.11,220.4257586,7.348
1,2,97,0,36733.72,220.4257586,7.348
1,2,96,0,30707.07,220.4257586,7.348
1,2,87,0,52872.73,220.4257586,7.348
1,2,38,0,91386.12,220.4257586,7.348
1,2,7,0,16849.62,220.4257586,7.348
1,2,72,0,57718.19,220.636902,7.348
1,2,1,0,20124.22,220.636902,7.348
1,2,23,0,20374.68,220.636902,7.348
1,2,9,0,25957.89,220.636902,7.348
1,3,81,0,30351.71,220.8480454,7.348
1,3,5,0,30642.53,220.8480454,7.348
1,3,8,0,40307.19,220.8480454,7.348
1,3,79,0,39196.18,221.0591887,7.348
1,3,14,0,16528.29,221.0591887,7.348
1,3,16,0,32633.81,221.0591887,7.348
1,3,7,0,17500.24,221.0591887,7.348
1,3,82,0,25743.29,221.2118132,7.348
1,3,95,0,132318.5,221.2118132,7.348
1,3,38,0,68900.29,221.2118132,7.348
1,3,80,0,18570.59,221.2864126,7.348
1,3,94,0,61317.04,221.2864126,7.348
1,3,16,0,45184.22,221.2864126,7.348
1,3,98,0,11870.69,221.3610119,7.348
1,3,13,0,38696.88,221.3610119,7.348
1,3,95,0,127706.0,221.3610119,7.348
1,3,90,0,83098.16,221.3610119,7.348
1,3,7,0,18684.0,221.3610119,7.348
1,4,82,0,22840.12,221.4356112,7.143
1,4,96,0,46039.31,221.4356112,7.143
1,4,10,0,36666.29,221.4356112,7.143
1,4,13,0,44270.3,221.4356112,7.143
1,4,91,0,76147.22,221.4356112,7.143
1,4,18,0,14283.73,221.4356112,7.143
1,4,40,0,59646.09,221.5102105,7.143
1,4,25,0,10115.85,221.5640737,7.143
1,4,98,0,11834.87,221.5640737,7.143
1,4,92,0,135336.32,221.5640737,7.143
1,4,40,0,60905.45,221.5640737,7.143
1,4,95,0,123172.79,221.5640737,7.143
1,4,92,0,125370.93,221.6179368,7.143
1,4,96,0,37249.71,221.6179368,7.143
1,4,4,0,36894.54,221.6179368,7.143
1,5,12,0,12338.08,221.6718,7.143
1,5,98,0,11625.96,221.6718,7.143
1,5,16,0,43970.7,221.6718,7.143
1,5,7,0,22956.83,221.6718,7.143
1,5,14,0,15537.79,221.7256632,7.143
1,5,91,0,71520.23,221.7256632,7.143
1,5,25,0,10206.26,221.7256632,7.143
1,5,90,0,88151.32,221.7256632,7.143
1,5,93,0,81146.85,221.7256632,7.143
1,5,81,0,31571.96,221.7256632,7.143
1,5,95,0,131341.85,221.7256632,7.143
1,5,94,0,82834.82,221.742674,7.143
1,5,1,0,18517.79,221.742674,7.143
1,5,72,0,35718.85,221.742674,7.143
1,5,38,0,81332.67,221.742674,7.143
1,5,81,0,32122.26,221.742674,7.143
1,5,13,0,37857.88,221.742674,7.143
1,5,4,0,38270.34,221.744944,7.143
1,5,92,0,124556.59,221.744944,7.143
1,5,34,0,14765.02,221.744944,7.143
1,6,10,0,37294.14,221.7472139,7.143
1,6,12,0,11542.81,221.7472139,7.143
1,6,74,0,13099.41,221.7472139,7.143
1,6,25,0,10527.53,221.7494839,7.143
1,6,72,0,42900.32,221.7494839,7.143
1,6,91,0,75021.92,221.7494839,7.143
1,6,10,0,36155.27,221.7494839,7.143
1,6,11,0,35861.22,221.7494839,7.143
1,6,72,0,44313.56,221.7626421,7.143
1,6,11,0,27802.84,221.7626421,7.143
1,6,95,0,124594.4,221.8030211,7.143
1,6,16,0,36362.45,221.8030211,7.143
1,6,23,0,26200.55,221.8030211,7.143
1,6,55,0,10200.28,221.8030211,7.143
1,6,87,0,47171.71,221.8030211,7.143
1,6,2,0,47629.14,221.8434,7.143
1,6,13,0,40099.49,221.8434,7.143
1,6,12,0,11816.35,221.8434,7.143
1,6,79,0,30442.57,221.8434,7.143
1,6,94,0,60793.02,221.8434,7.143
1,7,5,0,19684.48,221.8837789,6.908
1,7,96,0,46819.51,221.8837789,6.908
1,7,90,0,95576.45,221.8837789,6.908
1,7,40,0,59627.75,221.8837789,6.908
1,7,96,0,33955.25,221.9241579,6.908
1,7,34,0,11081.34,221.9241579,6.908
1,7,74,0,12584.61,221.9327267,6.908
1,7,7,0,16528.1,221.9327267,6.908
1,7,96,0,33794.79,221.9412954,6.908
1,8,96,0,38451.35,221.9498642,6.908
1,8,94,0,65566.19,221.9498642,6.908
1,8,10,0,32794.21,221.9498642,6.908
1,8,95,0,137408.2,221.9584329,6.908
1,8,23,0,21599.34,221.9584329,6.908
1,8,96,0,34261.42,221.9584329,6.908
1,8,9,0,20400.88,221.9584329,6.908
1,8,24,0,12967.94,222.0384109,6.908
1,8,2,0,46350.97,222.0384109,6.908
1,8,2,0,44972.52,222.1719457,6.908
1,8,38,0,71295.77,222.1719457,6.908
1,8,7,0,15159.94,222.1719457,6.908
1,8,92,0,132574.48,222.3054805,6.908
1,8,25,0,10284.77,222.3054805,6.908
1,8,9,0,41634.69,222.3054805,6.908
1,8,7,0,15802.09,222.3054805,6.908
1,9,23,1,17406.85,222.4390153,6.908
1,9,11,1,23338.99,222.4390153,6.908
1,9,23,0,14172.52,222.5820193,6.908
1,9,1,0,19616.22,222.5820193,6.908
1,9,3,0,14288.22,222.5820193,6.908
1,9,93,0,72668.61,222.7818386,6.908
1,9,87,0,50794.86,222.7818386,6.908
1,9,94,0,61873.33,222.7818386,6.908
1,9,72,0,50209.37,222.9816579,6.908
1,9,5,0,22560.39,222.9816579,6.908
1,9,14,0,12037.66,222.9816579,6.908
1,10,11,0,22374.18,223.1814772,6.573
1,10,3,0,11676.98,223.1814772,6.573
1,10,92,0,159459.88,223.1814772,6.573
1,10,1,0,21904.47,223.1814772,6.573
1,10,49,0,11093.34,223.1814772,6.573
1,10,72,0,42221.07,223.3812965,6.573
1,10,3,0,10487.17,223.3812965,6.573
1,10,34,0,11105.36,223.3812965,6.573
1,10,5,0,20920.03,223.3812965,6.573
1,10,8,0,38668.75,223.4257233,6.573
1,10,9,0,36690.81,223.4257233,6.573
1,10,72,0,36267.08,223.4257233,6.573
1,10,79,0,27982.85,223.4257233,6.573
1,10,80,0,19217.27,223.4257233,6.573
1,10,96,0,36851.92,223.4442513,6.573
1,10,18,0,17934.28,223.4442513,6.573
2,2,58,0,28454.0,210.7526053,8.324
2,2,34,0,20347.47,210.7526053,8.324
2,2,80,0,27416.54,210.7526053,8.324
2,2,22,0,20565.41,210.7526053,8.324
2,2,74,0,22923.63,210.7526053,8.324
2,2,3,1,13821.01,210.8979935,8.324
2,2,95,1,144429.03,210.8979935,8.324
2,2,9,1,21365.98,210.8979935,8.324
2,2,24,1,11838.72,210.8979935,8.324
2,2,90,1,106948.27,210.8979935,8.324
2,2,5,0,31620.12,210.9451605,8.324
2,2,6,0,10592.63,210.9451605,8.324
2,2,34,0,20258.49,210.9451605,8.324
2,2,26,0,13654.17,210.9451605,8.324
2,2,46,0,31354.92,210.9451605,8.324
2,2,5,0,26394.97,210.9759573,8.324
2,2,2,0,64963.9,210.9759573,8.324
2,2,1,0,25962.32,210.9759573,8.324
2,2,74,0,18011.7,210.9759573,8.324
2,2,23,0,24557.74,210.9759573,8.324
2,3,40,0,88933.14,211.0067542,8.324
2,3,93,0,61029.14,211.0067542,8.324
2,3,9,0,29094.0,211.0067542,8.324
2,3,98,0,14087.85,211.0067542,8.324
2,3,23,0,23409.21,211.0067542,8.324
2,3,67,0,10943.14,211.0067542,8.324
2,3,87,0,23946.24,211.037551,8.324
2,3,96,0,29349.83,211.037551,8.324
2,3,7,0,27494.27,211.037551,8.324
2,3,98,0,14334.02,211.037551,8.324
2,3,91,0,85120.3,210.8733316,8.324
2,3,11,0,18002.46,210.8733316,8.324
2,3,16,0,45310.9,210.8733316,8.324
2,3,49,0,17005.65,210.8733316,8.324
2,3,72,0,65447.61,210.8733316,8.324
2,3,67,0,10771.23,210.8733316,8.324
2,3,91,0,75022.34,210.6766095,8.324
2,3,4,0,41455.34,210.6766095,8.324
2,3,38,0,96659.43,210.6766095,8.324
2,3,25,0,16632.75,210.6766095,8.324
2,4,9,0,36776.79,210.4798874,8.2
2,4,26,0,12741.66,210.4798874,8.2
2,4,58,0,17055.0,210.2831653,8.2
2,4,56,0,20929.26,210.2831653,8.2
2,4,72,0,50990.01,210.2831653,8.2
2,4,25,0,21236.25,210.2831653,8.2
2,4,97,0,39927.29,210.1495463,8.2
2,4,34,0,20385.66,210.1495463,8.2
2,4,81,0,32165.46,210.1495463,8.2
2,4,80,0,27732.34,210.1495463,8.2
2,4,82,0,19376.45,210.1000648,8.2
2,4,79,0,31256.58,210.1000648,8.2
2,4,94,0,69620.48,210.1000648,8.2
2,4,34,0,19093.66,210.1000648,8.2
2,4,95,0,141699.63,210.1000648,8.2
2,4,79,0,29884.02,210.0505833,8.2
2,4,94,0,65617.58,210.0505833,8.2
2,4,25,0,16576.5,210.0505833,8.2
2,4,98,0,12725.51,210.0505833,8.2
2,4,32,0,10040.25,210.0505833,8.2
2,4,67,0,12789.32,210.0505833,8.2
2,5,55,0,11546.66,210.0011018,8.2
2,5,5,0,27408.86,210.0011018,8.2
2,5,2,0,68976.37,210.0011018,8.2
2,5,16,0,54829.3,210.0011018,8.2
2,5,82,0,23108.36,210.0011018,8.2
2,5,32,0,14371.49,210.0011018,8.2
2,5,92,0,147998.65,209.9984585,8.2
2,5,91,0,82656.44,209.9984585,8.2
2,5,14,0,19351.92,209.9984585,8.2
2,5,97,0,36308.52,209.9984585,8.2
2,5,4,0,43466.84,209.9984585,8.2
2,5,90,0,87171.08,210.2768443,8.2
2,5,91,0,81267.39,210.2768443,8.2
2,5,2,0,69699.5,210.2768443,8.2
2,5,81,0,31742.85,210.2768443,8.2
2,5,4,0,45303.34,210.2768443,8.2
2,5,13,0,49845.16,210.2768443,8.2
2,5,38,0,90889.35,210.2768443,8.2
2,5,49,0,12623.0,210.5552301,8.2
2,5,72,0,53838.64,210.5552301,8.2
2,5,87,0,24518.78,210.5552301,8.2
2,5,74,0,15395.43,210.5552301,8.2
2,5,17,0,11622.26,210.5552301,8.2
2,5,46,0,31789.98,210.5552301,8.2
2,6,82,0,23920.51,210.833616,8.2
2,6,87,0,27445.42,210.833616,8.2
2,6,40,0,80970.15,210.833616,8.2
2,6,4,0,49732.37,210.833616,8.2
2,6,38,0,87577.92,211.1120018,8.2
2,6,96,0,35429.34,211.1120018,8.2
2,6,17,0,11925.21,211.1120018,8.2
2,6,40,0,77676.5,211.1096543,8.2
2,6,23,0,40674.33,211.1096543,8.2
2,6,10,0,45284.49,211.1096543,8.2
2,6,95,0,166582.11,211.1096543,8.2
2,6,22,0,10396.39,210.9950134,8.2
2,6,80,0,25915.28,210.9950134,8.2
2,6,23,0,41345.21,210.9950134,8.2
2,6,9,0,42676.49,210.9950134,8.2
2,7,82,0,21835.03,210.8803726,8.099
2,7,72,0,61550.44,210.8803726,8.099
2,7,22,0,12224.64,210.8803726,8.099
2,7,23,0,33794.64,210.8803726,8.099
2,7,34,0,20054.31,210.8803726,8.099
2,7,49,0,15082.49,210.7657317,8.099
2,7,87,0,23257.68,210.7657317,8.099
2,7,58,0,21711.0,210.7657317,8.099
2,7,34,0,17194.73,210.7657317,8.099
2,7,79,0,35097.17,210.7577954,8.099
2,7,46,0,28090.74,210.7577954,8.099
2,7,11,0,26337.79,210.7577954,8.099
2,7,93,0,66722.27,210.7577954,8.099
2,7,16,0,36604.99,210.8921319,8.099
2,7,1,0,21139.52,210.8921319,8.099
2,7,17,0,12036.4,210.8921319,8.099
2,7,8,0,55654.91,210.8921319,8.099
2,7,16,0,29812.69,211.0264684,8.099
2,7,58,0,32167.0,211.0264684,8.099
2,7,90,0,88459.32,211.0264684,8.099
2,8,17,0,14647.2,211.1608049,8.099
2,8,14,0,20406.24,211.1608049,8.099
2,8,33,0,12158.9,211.1608049,8.099
2,8,93,0,65094.72,211.1608049,8.099
2,8,22,0,11264.56,211.2951413,8.099
2,8,25,0,14424.98,211.2951413,8.099
2,8,42,0,10386.47,211.2951413,8.099
2,8,58,0,29470.0,211.2596586,8.099
2,8,1,0,22126.52,211.2596586,8.099
2,8,8,0,53779.81,211.2596586,8.099
2,8,14,0,20366.05,211.2596586,8.099
2,8,25,0,17355.76,211.2596586,8.099
2,8,49,0,18908.5,211.2596586,8.099
2,8,25,0,18175.92,211.2241759,8.099
2,8,9,0,37779.83,211.2241759,8.099
2,8,14,0,19669.65,211.2241759,8.099
2,8,22,0,11915.81,211.2241759,8.099
2,8,96,0,32278.8,211.2241759,8.099
2,9,93,0,66862.35,211.1886931,8.099
2,9,94,0,69152.42,211.1886931,8.099
2,9,5,0,23507.43,211.1886931,8.099
2,9,23,0,24405.12,211.1886931,8.099
2,9,80,0,26258.43,211.1886931,8.099
2,9,34,0,15156.48,211.1886931,8.099
2,9,46,1,25014.77,211.1532104,8.099
2,9,38,1,87381.99,211.1532104,8.099
2,9,74,1,17692.71,211.1532104,8.099
2,9,10,1,41516.79,211.1532104,8.099
2,9,9,1,45678.25,211.1532104,8.099
2,9,67,0,10419.98,211.1806415,8.099
2,9,38,0,79192.04,211.1806415,8.099
2,9,10,0,38871.31,211.1806415,8.099
2,9,82,0,19557.6,211.1806415,8.099
2,9,22,0,11555.48,211.1806415,8.099
2,9,7,0,26473.56,211.1806415,8.099
2,9,38,0,89120.97,211.2552578,8.099
2,9,82,0,20654.18,211.2552578,8.099
2,9,10,0,35952.05,211.2552578,8.099
2,9,11,0,16869.33,211.2552578,8.099
2,10,8,0,58821.79,211.3298742,8.163
2,10,74,0,16120.19,211.3298742,8.163
2,10,17,0,13697.8,211.3298742,8.163
2,10,49,0,17873.1,211.3298742,8.163
2,10,40,0,81721.13,211.4044906,8.163
2,10,72,0,57109.67,211.4044906,8.163
2,10,92,0,160680.64,211.4044906,8.163
2,10,96,0,33335.45,211.4044906,8.163
2,10,3,0,14480.96,211.4044906,8.163
2,10,10,0,37285.32,211.4044906,8.163
2,10,5,0,27101.46,211.4044906,8.163
2,10,40,0,79973.9,211.4713286,8.163
2,10,26,0,11695.89,211.4713286,8.163
2,10,82,0,20406.28,211.4713286,8.163
2,10,10,0,36231.02,211.4713286,8.163
2,10,22,0,12173.67,211.4713286,8.163
2,10,11,0,16705.72,211.4713286,8.163
2,10,81,0,29138.39,211.5187208,8.163
2,10,90,0,86249.19,211.5187208,8.163
2,10,17,0,11985.71,211.5187208,8.163
2,10,87,0,21954.18,211.5187208,8.163
2,10,8,0,56132.0,211.5187208,8.163
2,10,94,0,61150.92,211.5187208,8.163
2,10,5,0,24888.57,211.5187208,8.163
2,10,49,0,11371.58,211.5661131,8.163
2,10,5,0,25038.28,211.5661131,8.163
2,10,67,0,10917.15,211.5661131,8.163
2,10,95,0,134451.41,211.5661131,8.163
2,11,25,0,17019.23,211.6135053,8.163
2,11,55,0,11058.59,211.6135053,8.163
2,11,22,0,13902.53,211.6135053,8.163
2,11,21,0,10925.31,211.6135053,8.163
2,11,1,0,22794.09,211.6608975,8.163
2,11,82,0,25118.51,211.6608975,8.163
2,11,32,0,10628.44,211.6608975,8.163
2,11,7,0,42628.64,211.6608975,8.163
2,11,74,0,15464.5,211.6608975,8.163
2,11,90,0,103006.98,211.5470304,8.163
2,11,17,0,15047.76,211.5470304,8.163
2,11,18,0,22929.94,211.5470304,8.163
2,11,82,0,25229.68,211.5470304,8.163
2,11,8,0,61775.39,211.5470304,8.163
2,11,55,0,16861.38,211.5470304,8.163
2,11,74,1,29723.73,211.4062867,8.163
2,11,17,1,18737.13,211.4062867,8.163
2,11,10,1,40026.97,211.4062867,8.163
2,11,9,1,59187.28,211.4062867,8.163
2,11,97,1,36862.71,211.4062867,8.163
2,11,96,1,45434.62,211.4062867,8.163
2,11,92,1,219880.49,211.4062867,8.163
2,12,26,0,11398.87,211.265543,8.163
2,12,80,0,23099.19,211.265543,8.163
2,12,9,0,36011.23,211.265543,8.163
2,12,96,0,29061.73,211.265543,8.163
2,12,32,0,18105.98,211.1247993,8.163
2,12,2,0,66513.13,211.1247993,8.163
2,12,87,0,24503.06,211.1247993,8.163
2,12,23,0,49921.17,211.1247993,8.163
2,12,74,0,14250.96,211.1247993,8.163
2,12,4,0,48045.66,211.1247993,8.163
2,12,5,0,90724.19,211.0645458,8.163
2,12,67,0,20972.91,211.0645458,8.163
2,12,72,0,139890.37,211.0645458,8.163
2,12,7,0,167617.55,211.0645458,8.163
2,12,90,0,108547.21,211.0645458,8.163
2,12,1,0,64512.46,211.0645458,8.163
2,12,10,0,43046.73,211.0646599,8.163
2,12,22,0,34762.15,211.0646599,8.163
2,12,2,0,91738.44,211.0646599,8.163
2,12,58,0,44860.0,211.0646599,8.163
2,12,96,0,48728.83,211.0646599,8.163
2,12,93,0,93123.68,211.0646599,8.163
2,12,9,0,72676.62,211.0646599,8.163
2,12,82,1,25632.39,211.064774,8.163
2,12,80,1,23716.18,211.064774,8.163
2,12,8,1,56660.17,211.064774,8.163
2,12,97,1,33686.69,211.064774,8.163
2,12,9,1,25342.45,211.064774,8.163
2,1,10,0,30702.36,211.0648881,8.028
2,1,58,0,12987.0,211.0648881,8.028
2,1,8,0,60626.1,211.0648881,8.028
2,1,81,0,30530.1,211.0648881,8.028
2,1,96,0,24287.36,211.0648881,8.028
2,1,9,0,18276.17,211.0648881,8.028
2,1,87,0,21891.1,211.1176713,8.028
2,1,9,0,16624.7,211.1176713,8.028
2,1,17,0,10118.69,211.1176713,8.028
2,1,74,0,18627.87,211.4864691,8.028
2,1,81,0,32002.56,211.4864691,8.028
2,1,92,0,151554.41,211.8552668,8.028
2,1,4,0,43907.78,211.8552668,8.028
2,1,81,0,29957.52,211.8552668,8.028
2,1,95,0,128399.82,211.8552668,8.028
2,1,80,0,24848.61,211.8552668,8.028
2,2,38,0,72676.11,212.2240646,8.028
2,2,7,0,22120.83,212.2240646,8.028
2,2,93,0,81746.42,212.2240646,8.028
2,2,90,0,109785.82,212.2240646,8.028
2,2,8,0,61456.28,212.2240646,8.028
2,2,67,1,23208.05,212.5928624,8.028
2,2,21,1,10754.79,212.5928624,8.028
2,2,7,1,28913.34,212.5928624,8.028
2,2,98,1,17258.58,212.5928624,8.028
2,2,74,0,17832.53,212.9033115,8.028
2,2,17,0,15655.64,212.9033115,8.028
2,2,29,0,10154.55,212.9033115,8.028
2,2,58,0,18436.0,213.190421,8.028
2,2,2,0,65829.84,213.190421,8.028
2,2,81,0,29846.84,213.190421,8.028
2,2,74,0,19621.61,213.190421,8.028
2,2,79,0,34219.11,213.190421,8.028
2,3,26,0,10224.45,213.4775305,8.028
2,3,82,0,23285.26,213.4775305,8.028
2,3,9,0,33581.01,213.4775305,8.028
2,3,13,0,50789.38,213.4775305,8.028
2,3,40,0,84898.27,213.4775305,8.028
2,3,93,0,70639.4,213.4775305,8.028
2,3,96,0,27357.09,213.7646401,8.028
2,3,7,0,26636.69,213.7646401,8.028
2,3,38,0,99904.49,213.7646401,8.028
2,3,79,0,34361.17,213.7646401,8.028
2,3,2,0,64567.4,214.0156238,8.028
2,3,38,0,76017.77,214.0156238,8.028
2,3,10,0,41432.97,214.0156238,8.028
2,3,23,0,23432.65,214.0156238,8.028
2,3,40,0,81929.82,214.0156238,8.028
2,3,96,0,30413.75,214.2521573,8.028
2,3,17,0,11833.06,214.2521573,8.028
2,3,38,0,85552.24,214.2521573,8.028
2,3,97,0,35659.54,214.2521573,8.028
2,3,5,0,26443.53,214.2521573,8.028
2,4,1,0,24591.68,214.4886908,7.931
2,4,2,0,65018.79,214.4886908,7.931
2,4,55,0,12649.77,214.4886908,7.931
2,4,80,0,25734.9,214.4886908,7.931
2,4,13,0,43089.07,214.4886908,7.931
2,4,25,0,16142.72,214.7252242,7.931
2,4,49,0,15843.17,214.7252242,7.931
2,4,46,0,28729.99,214.7252242,7.931
2,4,90,0,92548.35,214.7252242,7.931
2,4,14,0,15774.0,214.9420631,7.931
2,4,81,0,31550.77,214.9420631,7.931
2,4,42,0,10724.78,214.9420631,7.931
2,4,17,0,10306.42,214.9420631,7.931
2,4,87,0,21775.23,215.1096657,7.931
2,4,38,0,85864.69,215.1096657,7.931
2,4,74,0,13594.13,215.1096657,7.931
2,4,17,0,10975.38,215.1096657,7.931
2,4,95,0,134190.44,215.1096657,7.931
2,4,2,0,62751.61,215.2772683,7.931
2,4,74,0,15654.49,215.2772683,7.931
2,4,9,0,31949.73,215.2772683,7.931
2,4,7,0,31594.23,215.2772683,7.931
2,4,5,0,21277.66,215.2772683,7.931
2,5,81,0,30744.55,215.4448709,7.931
2,5,97,0,41025.97,215.4448709,7.931
2,5,74,0,14887.7,215.4448709,7.931
2,5,94,0,74738.93,215.4448709,7.931
2,5,7,0,27586.97,215.4448709,7.931
2,5,74,0,13190.02,215.6124735,7.931
2,5,72,0,55760.99,215.6124735,7.931
2,5,98,0,15221.09,215.6124735,7.931
2,5,32,0,18765.51,215.6124735,7.931
2,5,74,0,13865.76,215.3834778,7.931
2,5,93,0,64683.87,215.3834778,7.931
2,5,1,0,21590.53,215.3834778,7.931
2,5,5,0,17777.31,215.3834778,7.931
2,5,3,0,10788.0,215.3834778,7.931
2,5,98,0,13925.7,215.1544822,7.931
2,5,9,0,40015.66,215.1544822,7.931
2,5,10,0,35905.85,215.1544822,7.931
2,5,79,0,31000.03,215.1544822,7.931
2,5,7,0,35636.31,215.1544822,7.931
2,5,81,0,31107.76,215.1544822,7.931
2,5,92,0,147270.43,215.1544822,7.931
2,6,17,0,13093.76,214.9254865,7.931
2,6,4,0,46983.09,214.9254865,7.931
2,6,97,0,42638.66,214.9254865,7.931
2,6,2,0,65848.98,214.9254865,7.931
2,6,49,0,15924.92,214.6964908,7.931
2,6,91,0,83114.48,214.6964908,7.931
2,6,90,0,93819.9,214.6964908,7.931
2,6,90,0,95435.7,214.6513538,7.931
2,6,40,0,71459.63,214.6513538,7.931
2,6,38,0,86320.56,214.6513538,7.931
2,6,34,0,20012.33,214.6513538,7.931
2,6,2,0,66648.26,214.6513538,7.931
2,6,40,0,70365.28,214.7441108,7.931
2,6,4,0,41438.81,214.7441108,7.931
2,6,94,0,70772.45,214.7441108,7.931
2,6,72,0,60749.42,214.7441108,7.931
2,7,38,0,84892.4,214.8368678,7.852
2,7,81,0,30777.84,214.8368678,7.852
2,7,11,0,33080.01,214.8368678,7.852
2,7,2,0,64838.42,214.8368678,7.852
2,7,8,0,58253.08,214.8368678,7.852
2,7,74,0,14829.86,214.9296249,7.852
2,7,40,0,69471.89,214.9296249,7.852
2,7,2,0,64206.49,214.9296249,7.852
2,7,97,0,45599.61,214.9296249,7.852
2,7,11,0,31109.86,215.0134426,7.852
2,7,40,0,68104.38,215.0134426,7.852
2,7,34,0,17060.52,215.0134426,7.852
2,7,58,0,18100.0,215.0749122,7.852
2,7,3,0,26963.83,215.0749122,7.852
2,7,82,0,21650.54,215.0749122,7.852
2,7,94,0,70554.74,215.0749122,7.852
2,7,25,0,12114.68,215.1363819,7.852
2,7,81,0,27212.89,215.1363819,7.852
2,7,82,0,21353.43,215.1363819,7.852
2,7,38,0,72046.85,215.1363819,7.852
2,7,23,0,24228.61,215.1363819,7.852
2,7,13,0,42661.18,215.1363819,7.852
2,8,96,0,33561.01,215.1978515,7.852
2,8,49,0,16505.13,215.1978515,7.852
2,8,1,0,20875.73,215.1978515,7.852
2,8,22,0,11000.99,215.1978515,7.852
2,8,87,0,21085.27,215.2593211,7.852
2,8,14,0,16991.05,215.2593211,7.852
2,8,16,0,21574.38,215.2593211,7.852
2,8,5,0,19877.34,215.3229307,7.852
2,8,96,0,31366.77,215.3229307,7.852
2,8,49,0,18346.56,215.3229307,7.852
2,8,7,0,22054.58,215.3229307,7.852
2,8,1,0,21642.33,215.386897,7.852
2,8,13,0,45810.67,215.386897,7.852
2,8,92,0,147186.84,215.386897,7.852
2,8,34,0,16971.22,215.386897,7.852
2,8,95,0,147167.55,215.386897,7.852
2,9,34,0,14050.26,215.4508632,7.852
2,9,1,0,23645.73,215.4508632,7.852
2,9,72,0,65991.82,215.4508632,7.852
2,9,9,0,55493.65,215.4508632,7.852
2,9,49,0,20823.43,215.4508632,7.852
2,9,38,1,70297.94,215.5148295,7.852
2,9,17,1,13013.99,215.5148295,7.852
2,9,1,1,22549.64,215.5148295,7.852
2,9,3,1,15159.24,215.5148295,7.852
2,9,58,1,27080.0,215.5148295,7.852
2,9,81,0,28390.32,215.6944378,7.852
2,9,74,0,14140.39,215.6944378,7.852
2,9,79,0,30847.69,215.6944378,7.852
2,9,81,0,26661.68,216.0282356,7.852
2,9,74,0,14972.3,216.0282356,7.852
2,9,17,0,12047.35,216.0282356,7.852
2,9,80,0,24927.56,216.0282356,7.852
2,9,8,0,53564.08,216.0282356,7.852
2,9,9,0,38826.78,216.3620333,7.852
2,9,11,0,15491.04,216.3620333,7.852
2,9,40,0,74442.16,216.3620333,7.852
2,9,1,0,24949.42,216.3620333,7.852
2,10,25,0,13048.5,216.6958311,7.441
2,10,94,0,67274.49,216.6958311,7.441
2,10,90,0,102442.77,216.6958311,7.441
2,10,67,0,10059.48,216.6958311,7.441
2,10,4,0,45904.51,216.6958311,7.441
2,10,95,0,148486.25,216.6958311,7.441
2,10,23,0,19174.31,217.0048261,7.441
2,10,81,0,28381.76,217.0048261,7.441
2,10,7,0,27161.4,217.0048261,7.441
2,10,95,0,141333.41,217.0048261,7.441
2,10,40,0,70716.88,217.0048261,7.441
2,10,23,0,26431.24,217.1650042,7.441
2,10,4,0,41549.8,217.1650042,7.441
2,10,17,0,11660.57,217.1650042,7.441
2,10,82,0,20835.8,217.1650042,7.441
2,10,13,0,43146.42,217.3251824,7.441
2,10,22,0,11155.15,217.3251824,7.441
2,10,92,0,158040.78,217.3251824,7.441
2,10,96,0,30913.14,217.3251824,7.441
2,10,95,0,128987.1,217.3251824,7.441
2,10,17,0,11827.4,217.3251824,7.441
2,11,98,0,13658.46,217.4853605,7.441
2,11,90,0,97130.54,217.4853605,7.441
2,11,96,0,30775.33,217.4853605,7.441
2,11,14,0,19940.83,217.4853605,7.441
2,11,34,0,16993.52,217.4853605,7.441
2,11,92,0,173785.31,217.4853605,7.441
2,11,93,0,80934.29,217.6455387,7.441
2,11,8,0,56815.87,217.6455387,7.441
2,11,80,0,25392.38,217.6455387,7.441
2,11,2,0,61463.38,217.6455387,7.441
2,11,79,0,32892.59,217.6455387,7.441
2,11,9,0,30078.27,217.8670218,7.441
2,11,3,0,11235.57,217.8670218,7.441
2,11,32,0,10775.96,217.8670218,7.441
2,11,94,0,63796.24,217.8670218,7.441
2,11,14,0,25460.97,217.8670218,7.441
2,11,40,1,69479.79,218.1130269,7.441
2,11,21,1,12030.12,218.1130269,7.441
2,11,11,1,26977.29,218.1130269,7.441
2,11,49,1,12264.27,218.1130269,7.441
2,11,4,1,60792.11,218.1130269,7.441
2,11,96,1,41807.06,218.1130269,7.441
2,12,92,0,154526.64,218.3590319,7.441
2,12,24,0,10526.0,218.3590319,7.441
2,12,94,0,53070.4,218.3590319,7.441
2,12,4,0,44295.08,218.3590319,7.441
2,12,87,0,29769.7,218.3590319,7.441
2,12,23,0,55473.53,218.605037,7.441
2,12,21,0,11415.99,218.605037,7.441
2,12,1,0,43639.97,218.605037,7.441
2,12,94,0,57458.09,218.605037,7.441
2,12,6,0,10249.8,218.605037,7.441
2,12,33,0,23854.41,218.605037,7.441
2,12,26,0,14195.06,218.8217928,7.441
2,12,90,0,114809.08,218.8217928,7.441
2,12,49,0,10125.82,218.8217928,7.441
2,12,96,0,31146.46,218.8217928,7.441
2,12,72,0,100242.46,218.8217928,7.441
2,12,1,0,75779.45,218.9995495,7.441
2,12,13,0,45358.28,218.9995495,7.441
2,12,80,0,33063.96,218.9995495,7.441
2,12,72,0,185383.54,218.9995495,7.441
2,12,10,0,46614.89,218.9995495,7.441
2,12,29,1,10734.87,219.1773063,7.441
2,12,67,1,10399.93,219.1773063,7.441
2,12,46,1,48358.29,219.1773063,7.441
2,1,13,0,46230.05,219.355063,7.057
2,1,17,0,14106.21,219.355063,7.057
2,1,90,0,102637.73,219.355063,7.057
2,1,3,0,15893.39,219.355063,7.057
2,1,8,0,58398.02,219.355063,7.057
2,1,82,0,21421.22,219.5328198,7.057
2,1,72,0,58849.33,219.5328198,7.057
2,1,10,0,30214.07,219.5328198,7.057
2,1,79,0,30700.59,219.5328198,7.057
2,1,40,0,79394.16,219.5328198,7.057
2,1,96,0,27068.88,219.5328198,7.057
2,1,25,0,10127.64,219.6258417,7.057
2,1,90,0,100126.86,219.6258417,7.057
2,1,93,0,70497.52,219.6258417,7.057
2,1,38,0,80493.1,219.7188636,7.057
2,1,74,0,17211.63,219.7188636,7.057
2,1,90,0,96035.73,219.7188636,7.057
2,1,34,0,10999.44,219.7188636,7.057
2,1,49,0,14359.17,219.7188636,7.057
2,2,17,0,15024.68,219.8118854,7.057
2,2,38,0,90919.24,219.8118854,7.057
2,2,32,0,11856.72,219.8118854,7.057
2,2,87,0,36363.8,219.8118854,7.057
2,2,25,0,12435.94,219.8118854,7.057
2,2,72,1,131002.87,219.9049073,7.057
2,2,38,1,98220.41,219.9049073,7.057
2,2,82,1,23414.68,219.9049073,7.057
2,2,32,1,15233.88,219.9049073,7.057
2,2,2,1,69165.6,219.9049073,7.057
2,2,74,0,19793.97,220.0651993,7.057
2,2,38,0,84013.96,220.0651993,7.057
2,2,11,0,24490.64,220.0651993,7.057
2,2,23,0,32908.23,220.0651993,7.057
2,2,55,0,14107.72,220.0651993,7.057
2,2,91,0,87636.17,220.0651993,7.057
2,2,74,0,20266.94,220.275944,7.057
2,2,23,0,24439.84,220.275944,7.057
2,2,55,0,11546.62,220.275944,7.057
2,2,96,0,29113.62,220.275944,7.057
2,3,80,0,25802.97,220.4866886,7.057
2,3,97,0,38176.53,220.4866886,7.057
2,3,92,0,166966.61,220.4866886,7.057
2,3,79,0,37463.85,220.4866886,7.057
2,3,91,0,78443.44,220.4866886,7.057
2,3,9,0,35526.79,220.4866886,7.057
2,3,11,0,18203.78,220.6974332,7.057
2,3,14,0,21101.45,220.6974332,7.057
2,3,93,0,77109.16,220.6974332,7.057
2,3,55,0,11419.49,220.6974332,7.057
2,3,17,0,14182.77,220.6974332,7.057
2,3,1,0,27320.08,220.8498468,7.057
2,3,74,0,18024.15,220.8498468,7.057
2,3,82,0,23129.72,220.8498468,7.057
2,3,46,0,29724.84,220.8498468,7.057
2,3,13,0,45955.7,220.8498468,7.057
2,3,1,0,29868.82,220.9244858,7.057
2,3,92,0,156718.63,220.9244858,7.057
2,3,49,0,18221.78,220.9244858,7.057
2,3,82,0,19037.7,220.9244858,7.057
2,3,38,0,89483.58,220.9244858,7.057
2,3,23,0,23949.14,220.9244858,7.057
2,3,5,0,23440.64,220.9991248,7.057
2,3,95,0,140443.14,220.9991248,7.057
2,3,38,0,87487.47,220.9991248,7.057
2,3,16,0,57270.21,220.9991248,7.057
2,4,5,0,29379.66,221.0737638,6.891
2,4,92,0,185060.6,221.0737638,6.891
2,4,49,0,16503.23,221.0737638,6.891
2,4,26,0,11900.55,221.0737638,6.891
2,4,32,0,10637.64,221.0737638,6.891
2,4,87,0,26854.57,221.0737638,6.891
2,4,91,0,80858.88,221.1484028,6.891
2,4,34,0,18926.66,221.1484028,6.891
2,4,81,0,32686.17,221.1484028,6.891
2,4,7,0,33272.51,221.1484028,6.891
2,4,8,0,62770.47,221.2021074,6.891
2,4,14,0,19582.61,221.2021074,6.891
2,4,79,0,30936.59,221.2021074,6.891
2,4,2,0,61562.95,221.255812,6.891
2,4,46,0,29624.85,221.255812,6.891
2,4,3,0,10419.11,221.255812,6.891
2,5,42,0,10142.33,221.3095166,6.891
2,5,3,0,11844.62,221.3095166,6.891
2,5,46,0,30615.83,221.3095166,6.891
2,5,40,0,86362.58,221.3095166,6.891
2,5,79,0,37200.63,221.3095166,6.891
2,5,11,0,25179.53,221.3095166,6.891
2,5,72,0,55467.37,221.3632212,6.891
2,5,8,0,59041.91,221.3632212,6.891
2,5,94,0,81336.72,221.3632212,6.891
2,5,67,0,29987.19,221.3632212,6.891
2,5,3,0,11867.42,221.3632212,6.891
2,5,1,0,25661.21,221.3632212,6.891
2,5,13,0,44945.28,221.3632212,6.891
2,5,55,0,10866.83,221.380331,6.891
2,5,95,0,153161.17,221.380331,6.891
2,5,9,0,38244.39,221.380331,6.891
2,5,7,0,41954.87,221.380331,6.891
2,5,74,0,16003.11,221.3828029,6.891
2,5,90,0,96212.68,221.3828029,6.891
2,5,96,0,46515.94,221.3828029,6.891
2,5,7,0,49836.42,221.3828029,6.891
2,5,38,0,74853.99,221.3828029,6.891
2,6,38,0,69125.45,221.3852748,6.891
2,6,11,0,25067.26,221.3852748,6.891
2,6,34,0,19221.88,221.3852748,6.891
2,6,17,0,13684.66,221.3877467,6.891
2,6,38,0,69806.86,221.3877467,6.891
2,6,97,0,45755.23,221.3877467,6.891
2,6,3,0,11664.56,221.4009901,6.891
2,6,93,0,80194.39,221.4009901,6.891
2,6,74,0,17099.01,221.4411622,6.891
2,6,93,0,75402.55,221.4411622,6.891
2,6,82,0,26099.18,221.4411622,6.891
2,6,5,0,24467.72,221.4411622,6.891
2,6,7,0,37024.98,221.4411622,6.891
2,6,25,0,14921.58,221.4411622,6.891
2,6,5,0,22011.26,221.4813343,6.891
2,6,17,0,14279.93,221.4813343,6.891
2,6,96,0,44490.0,221.4813343,6.891
2,6,92,0,155974.44,221.4813343,6.891
2,7,22,0,11857.31,221.5215064,6.565
2,7,46,0,32831.72,221.5215064,6.565
2,7,96,0,51034.12,221.5215064,6.565
2,7,93,0,78859.03,221.5616784,6.565
2,7,25,0,12719.4,221.5616784,6.565
2,7,1,0,23148.57,221.5616784,6.565
2,7,80,0,25531.06,221.5616784,6.565
2,7,97,0,39862.66,221.5701123,6.565
2,7,91,0,83396.37,221.5701123,6.565
2,7,8,0,57299.45,221.5701123,6.565
2,7,98,0,12515.61,221.5701123,6.565
2,7,9,0,30276.28,221.5701123,6.565
2,7,79,0,27759.34,221.5785461,6.565
2,7,58,0,16764.0,221.5785461,6.565
2,7,3,0,27903.18,221.5785461,6.565
2,7,49,0,16410.43,221.5785461,6.565
2,8,23,0,29065.41,221.5869799,6.565
2,8,3,0,36066.0,221.5869799,6.565
2,8,22,0,12704.04,221.5869799,6.565
2,8,40,0,78740.15,221.5869799,6.565
2,8,98,0,11581.65,221.5869799,6.565
2,8,4,0,46654.19,221.5954138,6.565
2,8,11,0,24323.07,221.5954138,6.565
2,8,2,0,68857.79,221.6751459,6.565
2,8,22,0,11812.09,221.6751459,6.565
2,8,49,0,18751.59,221.6751459,6.565
2,8,46,0,29248.41,221.6751459,6.565
2,8,9,0,32432.82,221.6751459,6.565
2,8,91,0,76683.14,221.8083518,6.565
2,8,17,0,13421.8,221.8083518,6.565
2,8,38,0,70536.5,221.8083518,6.565
2,8,94,0,66590.42,221.8083518,6.565
2,8,46,0,27271.52,221.8083518,6.565
2,8,11,0,18304.48,221.8083518,6.565
2,8,92,0,169994.15,221.9415576,6.565
2,8,96,0,35395.8,221.9415576,6.565
2,8,98,0,12005.12,221.9415576,6.565
2,9,82,1,26406.39,222.0747635,6.565
2,9,91,1,83399.01,222.0747635,6.565
2,9,8,1,59936.16,222.0747635,6.565
2,9,34,1,13969.27,222.0747635,6.565
2,9,10,0,39335.53,222.2174395,6.565
