1,2,5,0,32229.38,211.0963582,8.106
1,2,74,0,12251.94,211.0963582,8.106
1,2,4,0,39954.04,211.0963582,8.106
1,2,46,0,20837.77,211.0963582,8.106
1,2,10,0,30721.5,211.0963582,8.106
1,2,11,0,24213.18,211.0963582,8.106
1,2,87,1,39254.57,211.2421698,8.106
1,2,55,1,18892.81,211.2421698,8.106
1,2,80,1,16720.84,211.2421698,8.106
1,2,25,1,13268.75,211.2421698,8.106
1,2,91,1,66937.0,211.2421698,8.106
1,2,2,1,44682.74,211.2421698,8.106
1,2,67,1,17614.47,211.2421698,8.106
1,2,97,0,31585.78,211.2891429,8.106
1,2,74,0,13917.2,211.2891429,8.106
1,2,18,0,17623.72,211.2891429,8.106
1,2,72,0,72377.79,211.2891429,8.106
1,2,17,0,10667.06,211.3196429,8.106
1,2,2,0,44292.87,211.3196429,8.106
1,2,46,0,18099.75,211.3196429,8.106
1,3,98,0,10903.65,211.3501429,8.106
1,3,1,0,21827.9,211.3501429,8.106
1,3,10,0,33299.27,211.3501429,8.106
1,3,23,0,18993.69,211.3501429,8.106
1,3,14,0,18268.78,211.3501429,8.106
1,3,3,0,10123.45,211.3806429,8.106
1,3,38,0,98175.35,211.3806429,8.106
1,3,82,0,18201.88,211.3806429,8.106
1,3,11,0,17864.32,211.3806429,8.106
1,3,13,0,35833.07,211.3806429,8.106
1,3,12,0,12386.15,211.3806429,8.106
1,3,81,0,30287.91,211.215635,8.106
1,3,98,0,11323.78,211.215635,8.106
1,3,74,0,11792.55,211.215635,8.106
1,3,87,0,28002.01,211.215635,8.106
1,3,97,0,30294.48,211.0180424,8.106
1,3,1,0,26229.21,211.0180424,8.106
1,3,7,0,16254.21,211.0180424,8.106
1,3,5,0,38971.89,211.0180424,8.106
1,3,10,0,31406.96,211.0180424,8.106
1,4,4,0,37809.49,210.8204499,7.808
1,4,56,0,13928.36,210.8204499,7.808
1,4,5,0,29967.92,210.8204499,7.808
1,4,94,0,66172.11,210.8204499,7.808
1,4,98,0,14740.14,210.8204499,7.808
1,4,3,0,10179.29,210.6228574,7.808
1,4,1,0,42960.91,210.6228574,7.808
1,4,38,0,98689.46,210.6228574,7.808
1,4,94,0,69441.1,210.6228574,7.808
1,4,90,0,75592.52,210.6228574,7.808
1,4,16,0,59543.22,210.4887,7.808
1,4,8,0,32890.54,210.4887,7.808
1,4,25,0,11295.45,210.4391228,7.808
1,4,92,0,111703.46,210.4391228,7.808
1,4,8,0,32946.13,210.4391228,7.808
1,4,9,0,24035.42,210.3895456,7.808
1,4,72,0,38131.53,210.3895456,7.808
1,4,38,0,127811.89,210.3895456,7.808
1,4,80,0,13879.7,210.3895456,7.808
1,5,55,0,11062.66,210.3399684,7.808
1,5,79,0,44039.92,210.3399684,7.808
1,5,67,0,17902.17,210.3399684,7.808
1,5,7,0,20457.62,210.3399684,7.808
1,5,49,0,12803.67,210.3374261,7.808
1,5,7,0,18771.35,210.3374261,7.808
1,5,34,0,13934.33,210.3374261,7.808
1,5,14,0,11480.15,210.6170934,7.808
1,5,72,0,31378.88,210.8967606,7.808
1,5,92,0,111704.67,210.8967606,7.808
1,6,7,0,44563.68,211.1764278,7.808
1,6,11,0,36263.69,211.1764278,7.808
1,6,72,0,38638.6,211.1764278,7.808
1,6,82,0,20519.54,211.1764278,7.808
1,6,4,0,40548.19,211.1764278,7.808
1,6,81,0,30813.12,211.4560951,7.808
1,6,34,0,14514.85,211.4560951,7.808
1,6,8,0,34036.53,211.4560951,7.808
1,6,5,0,21817.36,211.4560951,7.808
1,6,95,0,131995.0,211.4560951,7.808
1,6,34,0,12869.0,211.4537719,7.808
1,6,10,0,32177.66,211.4537719,7.808
1,6,80,0,13454.31,211.3386526,7.808
1,6,82,0,17824.37,211.3386526,7.808
1,7,40,0,56751.6,211.2235333,7.787
1,7,7,0,22589.0,211.2235333,7.787
1,7,2,0,47077.72,211.2235333,7.787
1,7,72,0,36242.12,211.2235333,7.787
1,7,93,0,69962.56,211.2235333,7.787
1,7,8,0,34721.25,211.108414,7.787
1,7,38,0,87346.14,211.108414,7.787
1,7,3,0,13751.3,211.1003854,7.787
1,7,10,0,31341.38,211.1003854,7.787
1,7,74,0,13884.6,211.1003854,7.787
1,7,80,0,15660.62,211.1003854,7.787
1,7,92,0,115276.81,211.2351443,7.787
1,7,87,0,32544.27,211.2351443,7.787
1,7,38,0,66892.44,211.2351443,7.787
1,7,11,0,28115.79,211.2351443,7.787
1,7,80,0,15771.6,211.2351443,7.787
1,7,12,0,11634.37,211.3699032,7.787
1,7,94,0,57827.97,211.3699032,7.787
1,7,11,0,26789.66,211.3699032,7.787
1,7,23,0,20456.24,211.3699032,7.787
1,8,8,0,32326.19,211.6394211,7.787
1,8,17,0,10751.74,211.6033633,7.787
1,8,12,0,10119.6,211.6033633,7.787
1,8,23,0,26519.58,211.6033633,7.787
1,8,17,0,10036.31,211.5673056,7.787
1,8,11,0,21282.09,211.5673056,7.787
1,8,8,0,31272.68,211.5673056,7.787
1,8,34,0,10532.33,211.5673056,7.787
1,8,23,0,28311.76,211.5673056,7.787
1,9,11,0,17303.3,211.5312479,7.787
1,9,87,0,48940.83,211.5312479,7.787
1,9,38,0,90990.93,211.5312479,7.787
1,9,2,0,49015.05,211.5312479,7.787
1,9,4,0,38321.88,211.5312479,7.787
1,9,82,0,19146.83,211.5312479,7.787
1,9,2,1,45182.5,211.4951902,7.787
1,9,16,1,22643.73,211.4951902,7.787
1,9,14,1,12884.22,211.4951902,7.787
1,9,8,1,32737.89,211.4951902,7.787
1,9,94,0,60505.14,211.5224596,7.787
1,9,94,0,54232.52,211.5972246,7.787
1,9,74,0,10450.29,211.5972246,7.787
1,9,82,0,17168.59,211.5972246,7.787
1,9,95,0,114702.69,211.5972246,7.787
1,10,23,0,18377.92,211.6719895,7.838
1,10,98,0,10344.16,211.6719895,7.838
1,10,55,0,10911.03,211.6719895,7.838
1,10,94,0,56157.83,211.6719895,7.838
1,10,81,0,28460.62,211.6719895,7.838
1,10,10,0,30734.05,211.7467544,7.838
1,10,94,0,60790.29,211.7467544,7.838
1,10,16,0,11501.93,211.7467544,7.838
1,10,5,0,19853.57,211.7467544,7.838
1,10,49,0,11173.48,211.8137436,7.838
1,10,9,0,32288.91,211.8137436,7.838
1,10,91,0,67012.06,211.8137436,7.838
1,10,94,0,59131.49,211.8137436,7.838
1,10,10,0,30847.4,211.8137436,7.838
1,10,49,0,10345.97,211.8612937,7.838
1,10,97,0,32393.82,211.8612937,7.838
1,10,94,0,53704.97,211.8612937,7.838
1,10,11,0,18038.28,211.9088438,7.838
1,10,93,0,56830.05,211.9088438,7.838
1,11,72,0,38960.78,211.9563939,7.838
1,11,7,0,19136.58,211.9563939,7.838
1,11,4,0,37980.55,211.9563939,7.838
1,11,90,0,77903.38,211.9563939,7.838
1,11,55,0,12562.6,211.9563939,7.838
1,11,46,0,17690.36,212.003944,7.838
1,11,55,0,16218.9,212.003944,7.838
1,11,91,0,65468.22,212.003944,7.838
1,11,14,0,13837.16,212.003944,7.838
1,11,95,0,110209.31,212.003944,7.838
1,11,49,0,10675.61,211.8896737,7.838
1,11,17,0,10086.41,211.8896737,7.838
1,11,90,0,81642.89,211.8896737,7.838
1,11,95,0,107544.02,211.8896737,7.838
1,11,23,0,23106.93,211.8896737,7.838
1,11,46,1,18640.46,211.7484333,7.838
1,11,95,1,106015.41,211.7484333,7.838
1,11,24,1,11915.5,211.7484333,7.838
1,11,10,1,31090.69,211.7484333,7.838
1,11,40,1,56333.22,211.7484333,7.838
1,12,95,0,100834.31,211.607193,7.838
1,12,49,0,10253.73,211.607193,7.838
1,12,82,0,25685.14,211.607193,7.838
1,12,55,0,18661.25,211.607193,7.838
1,12,80,0,13560.2,211.607193,7.838
1,12,82,0,29846.11,211.4659526,7.838
1,12,49,0,11294.51,211.4659526,7.838
1,12,3,0,11219.78,211.4659526,7.838
1,12,40,0,60654.17,211.4659526,7.838
1,12,55,0,20224.52,211.4659526,7.838
1,12,98,0,18101.81,211.4053124,7.838
1,12,3,0,11986.84,211.4053124,7.838
1,12,40,0,62733.74,211.4053124,7.838
1,12,14,0,28642.28,211.4053124,7.838
1,12,90,0,84609.75,211.4053124,7.838
1,12,5,0,85676.09,211.4051222,7.838
1,12,72,0,121470.12,211.4051222,7.838
1,12,74,0,16702.92,211.4051222,7.838
1,12,10,0,31325.61,211.4051222,7.838
1,12,6,0,28497.52,211.4051222,7.838
1,12,91,1,49945.36,211.4049321,7.838
1,12,82,1,23820.76,211.4049321,7.838
1,12,38,1,67182.76,211.4049321,7.838
1,12,10,1,25764.32,211.4049321,7.838
1,1,14,0,17744.78,211.4047419,7.742
1,1,74,0,14345.74,211.4047419,7.742
1,1,38,0,85242.8,211.4047419,7.742
1,1,10,0,24500.27,211.4047419,7.742
1,1,97,0,36612.04,211.4574109,7.742
1,1,14,0,13608.44,211.4574109,7.742
1,1,13,0,33668.55,211.4574109,7.742
1,1,93,0,74864.89,211.4574109,7.742
1,1,91,0,60879.18,211.8272343,7.742
1,1,2,0,41596.99,211.8272343,7.742
1,1,72,0,39918.87,212.1970577,7.742
1,2,11,0,24741.6,212.5668812,7.742
1,2,8,0,39903.33,212.5668812,7.742
1,2,79,0,42065.78,212.5668812,7.742
1,2,23,0,24429.4,212.5668812,7.742
1,2,97,1,36562.46,212.9367046,7.742
1,2,93,1,74956.08,212.9367046,7.742
1,2,38,1,70151.05,212.9367046,7.742
1,2,8,1,36011.09,212.9367046,7.742
1,2,80,1,16445.48,212.9367046,7.742
1,2,5,0,31092.62,213.2478853,7.742
1,2,13,0,37604.79,213.2478853,7.742
1,2,22,0,13106.62,213.2478853,7.742
1,2,34,0,13938.62,213.2478853,7.742
1,2,23,0,23901.98,213.2478853,7.742
1,2,87,0,59613.51,213.2478853,7.742
1,2,10,0,33148.39,213.535609,7.742
1,2,34,0,11607.13,213.535609,7.742
1,2,1,0,19363.83,213.535609,7.742
1,2,49,0,15992.5,213.535609,7.742
1,3,94,0,65683.02,213.8233327,7.742
1,3,10,0,36246.52,213.8233327,7.742
1,3,95,0,116225.68,213.8233327,7.742
1,3,49,0,15083.95,213.8233327,7.742
1,3,81,0,30186.27,214.1110564,7.742
1,3,8,0,34415.39,214.1110564,7.742
1,3,40,0,62499.24,214.1110564,7.742
1,3,92,0,137191.52,214.1110564,7.742
1,3,4,0,35229.12,214.1110564,7.742
1,3,17,0,10143.22,214.3627114,7.742
1,3,1,0,20334.23,214.3627114,7.742
1,3,49,0,13603.82,214.3627114,7.742
1,3,9,0,33823.26,214.3627114,7.742
1,3,11,0,21683.76,214.3627114,7.742
1,3,81,0,29498.03,214.5999389,7.742
1,3,12,0,12222.77,214.5999389,7.742
1,3,1,0,20881.1,214.5999389,7.742
1,3,80,0,16470.38,214.5999389,7.742
1,3,96,0,45763.88,214.5999389,7.742
1,4,12,0,11871.94,214.8371664,7.682
1,4,87,0,54016.41,214.8371664,7.682
1,4,25,0,10570.5,214.8371664,7.682
1,4,80,0,15131.87,214.8371664,7.682
1,4,46,0,19189.17,214.8371664,7.682
1,4,16,0,42679.11,214.8371664,7.682
1,4,25,0,10712.47,215.0743939,7.682
1,4,12,0,12543.92,215.0743939,7.682
1,4,9,0,27560.77,215.0743939,7.682
1,4,87,0,32563.54,215.0743939,7.682
1,4,13,0,38076.86,215.0743939,7.682
1,4,13,0,35263.45,215.2918561,7.682
1,4,49,0,10451.08,215.2918561,7.682
1,4,56,0,11112.6,215.2918561,7.682
1,4,16,0,48643.77,215.2918561,7.682
1,4,34,0,10244.73,215.2918561,7.682
1,4,40,0,56157.54,215.4599053,7.682
1,4,16,0,40280.3,215.6279544,7.682
1,5,67,0,17084.25,215.7960035,7.682
1,5,38,0,87761.73,215.7960035,7.682
1,5,8,0,37360.03,215.7960035,7.682
1,5,1,0,20138.19,215.7960035,7.682
1,5,3,0,10420.92,215.7960035,7.682
1,5,92,0,131147.68,215.9640526,7.682
1,5,4,0,33471.81,215.9640526,7.682
1,5,8,0,34727.2,215.9640526,7.682
1,5,13,0,35378.71,215.9640526,7.682
1,5,46,0,20625.85,215.7339202,7.682
1,5,95,0,112581.2,215.7339202,7.682
1,5,2,0,44302.11,215.7339202,7.682
1,5,97,0,35237.13,215.7339202,7.682
1,5,87,0,41391.82,215.7339202,7.682
1,5,4,0,36790.72,215.5037878,7.682
1,5,91,0,55936.84,215.5037878,7.682
1,5,72,0,34073.97,215.5037878,7.682
1,5,38,0,70061.97,215.5037878,7.682
1,6,92,0,129624.28,215.2736553,7.682
1,6,38,0,89269.8,215.2736553,7.682
1,6,90,0,85613.47,215.0435229,7.682
1,6,95,0,136364.46,215.0435229,7.682
1,6,10,0,31578.41,215.0435229,7.682
1,6,40,0,56035.29,215.0435229,7.682
1,6,91,0,72773.22,215.0435229,7.682
1,6,93,0,81251.13,215.0435229,7.682
1,6,16,0,38282.75,214.9980596,7.682
1,6,80,0,17338.92,214.9980596,7.682
1,6,81,0,30363.62,214.9980596,7.682
1,6,92,0,112913.22,215.0910982,7.682
1,6,67,0,10100.59,215.0910982,7.682
1,7,96,0,38496.08,215.1841368,7.962
1,7,25,0,10158.06,215.1841368,7.962
1,7,12,0,12384.1,215.2771754,7.962
1,7,34,0,13311.92,215.2771754,7.962
1,7,97,0,38860.63,215.3611087,7.962
1,7,16,0,25134.4,215.3611087,7.962
1,7,34,0,10335.62,215.3611087,7.962
1,7,92,0,118968.09,215.4222784,7.962
1,7,13,0,37990.15,215.4222784,7.962
1,7,93,0,67458.01,215.4222784,7.962
1,7,95,0,121483.11,215.4222784,7.962
1,7,10,0,29459.23,215.4222784,7.962
1,7,87,0,46947.71,215.4222784,7.962
1,7,13,0,34910.1,215.4834482,7.962
1,7,87,0,43333.7,215.4834482,7.962
1,7,11,0,31884.24,215.4834482,7.962
1,7,96,0,33784.54,215.4834482,7.962
1,7,91,0,55048.43,215.4834482,7.962
1,8,49,0,13557.11,215.544618,7.962
1,8,98,0,10252.87,215.544618,7.962
1,8,91,0,68086.06,215.544618,7.962
1,8,1,0,14539.79,215.6057878,7.962
1,8,80,0,20124.61,215.6057878,7.962
1,8,94,0,71110.75,215.6057878,7.962
1,8,92,0,139822.31,215.6057878,7.962
1,8,4,0,37449.94,215.6057878,7.962
1,8,9,0,18708.23,215.6057878,7.962
1,8,40,0,53241.38,215.6693107,7.962
1,8,82,0,17447.29,215.7332258,7.962
1,8,72,0,49944.34,215.7332258,7.962
1,8,97,0,33691.44,215.7332258,7.962
1,8,2,0,47659.93,215.7332258,7.962
1,9,93,0,73692.87,215.7971409,7.962
1,9,72,0,47054.71,215.7971409,7.962
1,9,2,0,49419.75,215.7971409,7.962
1,9,81,0,29191.31,215.7971409,7.962
1,9,87,0,56613.78,215.7971409,7.962
1,9,2,1,43315.85,215.861056,7.962
1,9,91,1,70857.27,215.861056,7.962
1,9,72,1,38861.38,215.861056,7.962
1,9,74,1,11107.38,215.861056,7.962
1,9,2,0,42963.96,216.0410526,7.962
1,9,79,0,32427.96,216.0410526,7.962
1,9,72,0,44656.76,216.0410526,7.962
1,9,16,0,10893.91,216.3758246,7.962
1,9,1,0,17859.3,216.3758246,7.962
1,9,13,0,37645.66,216.3758246,7.962
1,9,9,0,30988.32,216.3758246,7.962
1,9,7,0,14836.91,216.3758246,7.962
1,9,23,0,16135.85,216.7105965,7.962
1,9,38,0,72839.02,216.7105965,7.962
1,9,8,0,34173.84,216.7105965,7.962
1,10,96,0,31031.43,217.0453684,7.866
1,10,13,0,41151.28,217.0453684,7.866
1,10,80,0,19283.73,217.0453684,7.866
1,10,14,0,12766.52,217.0453684,7.866
1,10,7,0,13900.54,217.3552733,7.866
1,10,93,0,76235.47,217.3552733,7.866
1,10,79,0,30011.57,217.3552733,7.866
1,10,8,0,34131.81,217.3552733,7.866
1,10,97,0,37394.9,217.3552733,7.866
1,10,94,0,60047.94,217.5159762,7.866
1,10,16,0,10366.98,217.5159762,7.866
1,10,90,0,85521.68,217.5159762,7.866
1,10,79,0,30190.3,217.5159762,7.866
1,10,97,0,34172.38,217.5159762,7.866
1,10,97,0,31358.04,217.6766791,7.866
1,10,13,0,37117.02,217.6766791,7.866
1,10,95,0,108018.21,217.6766791,7.866
1,10,34,0,10570.19,217.6766791,7.866
1,10,72,0,47743.78,217.6766791,7.866
1,11,38,0,115249.43,217.837382,7.866
1,11,95,0,115047.16,217.9980849,7.866
1,11,7,0,25942.35,217.9980849,7.866
1,11,82,0,19452.05,217.9980849,7.866
1,11,14,0,17803.49,218.2205088,7.866
1,11,94,0,58927.88,218.2205088,7.866
1,11,11,1,28315.7,218.4676211,7.866
1,11,79,1,33533.15,218.4676211,7.866
1,11,33,1,10793.97,218.4676211,7.866
1,11,22,1,20555.07,218.4676211,7.866
1,11,2,1,44259.59,218.4676211,7.866
1,12,3,0,10146.54,218.7147333,7.866
1,12,10,0,32006.18,218.7147333,7.866
1,12,7,0,33118.33,218.7147333,7.866
1,12,1,0,25293.49,218.7147333,7.866
1,12,91,0,69381.12,218.9618456,7.866
1,12,82,0,28826.71,218.9618456,7.866
1,12,80,0,19046.33,218.9618456,7.866
1,12,1,0,45773.03,219.1794533,7.866
1,12,91,0,65913.64,219.1794533,7.866
1,12,98,0,20732.04,219.1794533,7.866
1,12,14,0,28845.68,219.1794533,7.866
1,12,2,0,51137.42,219.1794533,7.866
1,12,14,0,46096.24,219.3577216,7.866
1,12,9,0,45445.25,219.3577216,7.866
1,12,55,0,45369.2,219.3577216,7.866
1,12,96,0,40787.89,219.3577216,7.866
1,12,82,0,58789.91,219.3577216,7.866
1,12,33,0,13657.4,219.3577216,7.866
1,12,40,1,55520.06,219.5359898,7.866
1,12,11,1,24030.39,219.5359898,7.866
1,12,5,1,34981.76,219.5359898,7.866
1,12,90,1,77988.13,219.5359898,7.866
1,12,72,1,59732.61,219.5359898,7.866
1,1,38,0,90770.82,219.7142581,7.348
1,1,7,0,12377.76,219.7142581,7.348
1,1,10,0,29927.33,219.7142581,7.348
1,1,55,0,10418.11,219.8925263,7.348
1,1,97,0,37686.0,219.8925263,7.348
1,1,14,0,14311.83,219.8925263,7.348
1,1,9,0,15416.12,219.8925263,7.348
1,1,11,0,20707.62,219.9856893,7.348
1,1,74,0,10315.1,219.9856893,7.348
1,1,98,0,11112.01,219.9856893,7.348
1,1,90,0,81580.99,220.0788523,7.348
1,1,46,0,16964.23,220.0788523,7.348
1,2,4,0,40274.83,220.1720153,7.348
1,2,23,0,18537.41,220.1720153,7.348
1,2,13,0,43478.58,220.1720153,7.348
1,2,93,0,76847.82,220.1720153,7.348
1,2,17,1,10461.07,220.2651783,7.348
1,2,49,1,17190.6,220.2651783,7.348
1,2,23,1,25581.44,220.2651783,7.348
1,2,5,1,38096.04,220.2651783,7.348
1,2,14,1,18292.4,220.2651783,7.348
1,2,80,0,19404.9,220.4257586,7.348
1,2,3,0,10237.78,220.4257586,7.348
1,2,8,0,37204.72,220.636902,7.348
1,2,4,0,34953.85,220.636902,7.348
1,3,22,0,11402.9,220.8480454,7.348
1,3,46,0,21324.05,220.8480454,7.348
1,3,91,0,66364.92,220.8480454,7.348
1,3,55,0,13415.73,221.0591887,7.348
1,3,8,0,36553.82,221.0591887,7.348
1,3,17,0,11553.98,221.0591887,7.348
1,3,82,0,19766.69,221.0591887,7.348
1,3,46,0,20170.38,221.0591887,7.348
1,3,2,0,48563.69,221.0591887,7.348
1,3,94,0,64586.65,221.2118132,7.348
1,3,12,0,12178.8,221.2118132,7.348
1,3,5,0,29345.72,221.2118132,7.348
1,3,49,0,14200.59,221.2118132,7.348
1,3,74,0,12940.92,221.2118132,7.348
1,3,40,0,59756.62,221.2864126,7.348
1,3,12,0,11448.84,221.2864126,7.348
1,3,90,0,82667.57,221.2864126,7.348
1,3,91,0,61697.89,221.2864126,7.348
1,3,49,0,11176.06,221.3610119,7.348
1,3,12,0,12109.21,221.3610119,7.348
1,3,16,0,55275.59,221.3610119,7.348
1,4,56,0,13506.8,221.4356112,7.143
1,4,2,0,51805.88,221.4356112,7.143
1,4,8,0,41917.56,221.4356112,7.143
1,4,14,0,15652.72,221.4356112,7.143
1,4,38,0,98092.62,221.4356112,7.143
1,4,7,0,27171.41,221.4356112,7.143
1,4,2,0,43991.18,221.5102105,7.143
1,4,5,0,18458.33,221.5102105,7.143
1,4,46,0,19517.58,221.5102105,7.143
1,4,95,0,129438.22,221.5102105,7.143
1,4,23,0,20132.49,221.5102105,7.143
1,4,80,0,19254.51,221.5640737,7.143
1,4,49,0,11005.11,221.5640737,7.143
1,4,93,0,70763.97,221.5640737,7.143
1,4,1,0,16976.19,221.5640737,7.143
1,4,72,0,33229.49,221.6179368,7.143
1,4,34,0,14492.12,221.6179368,7.143
1,4,14,0,14904.8,221.6179368,7.143
1,5,40,0,64719.29,221.6718,7.143
1,5,49,0,11313.7,221.6718,7.143
1,5,14,0,16193.63,221.6718,7.143
1,5,8,0,37702.53,221.7256632,7.143
1,5,11,0,23346.03,221.742674,7.143
1,5,12,0,10199.01,221.742674,7.143
1,5,5,0,17955.73,221.742674,7.143
1,5,12,0,12748.13,221.744944,7.143
1,5,72,0,39801.69,221.744944,7.143
1,5,91,0,61147.15,221.744944,7.143
1,5,81,0,30941.49,221.744944,7.143
1,5,95,0,127603.0,221.744944,7.143
1,6,95,0,130573.37,221.7472139,7.143
1,6,38,0,74849.19,221.7472139,7.143
1,6,79,0,37942.13,221.7472139,7.143
1,6,46,0,23980.23,221.7494839,7.143
1,6,79,0,41003.18,221.7494839,7.143
1,6,87,0,57121.3,221.7494839,7.143
1,6,23,0,23792.73,221.7494839,7.143
1,6,16,0,32898.46,221.7626421,7.143
1,6,7,0,24777.12,221.8030211,7.143
1,6,13,0,38945.0,221.8030211,7.143
1,6,91,0,61720.14,221.8030211,7.143
1,6,82,0,20698.18,221.8434,7.143
1,6,92,0,125650.26,221.8434,7.143
1,6,96,0,41522.35,221.8434,7.143
1,6,74,0,14110.57,221.8434,7.143
1,6,97,0,33889.59,221.8434,7.143
1,7,2,0,49771.92,221.8837789,6.908
1,7,25,0,11324.5,221.8837789,6.908
1,7,1,0,17823.37,221.8837789,6.908
1,7,2,0,44411.95,221.9241579,6.908
1,7,5,0,18089.61,221.9241579,6.908
1,7,23,0,18326.49,221.9241579,6.908
1,7,10,0,31430.55,221.9241579,6.908
1,7,3,0,13126.15,221.9241579,6.908
1,7,96,0,37535.69,221.9327267,6.908
1,7,5,0,17896.46,221.9327267,6.908
1,7,34,0,11094.22,221.9327267,6.908
1,7,72,0,32363.17,221.9327267,6.908
1,7,97,0,34958.1,221.9327267,6.908
1,7,98,0,10173.51,221.9412954,6.908
1,7,90,0,81315.0,221.9412954,6.908
1,7,82,0,20126.49,221.9412954,6.908
1,7,8,0,36981.9,221.9412954,6.908
1,8,90,0,89013.89,221.9498642,6.908
1,8,9,0,23780.97,221.9498642,6.908
1,8,2,0,49424.06,221.9498642,6.908
1,8,3,0,28257.3,221.9584329,6.908
1,8,82,0,18532.35,221.9584329,6.908
1,8,97,0,40136.61,221.9584329,6.908
1,8,10,0,33834.22,221.9584329,6.908
1,8,1,0,17330.7,222.0384109,6.908
1,8,7,0,16256.91,222.0384109,6.908
1,8,72,0,40176.27,222.0384109,6.908
1,8,9,0,23503.86,222.0384109,6.908
1,8,3,0,43712.78,222.1719457,6.908
1,8,1,0,16286.4,222.1719457,6.908
1,8,72,0,39729.78,222.1719457,6.908
1,8,79,0,29424.5,222.1719457,6.908
1,8,46,0,17691.64,222.1719457,6.908
1,8,8,0,33855.28,222.1719457,6.908
1,8,9,0,26262.95,222.1719457,6.908
1,8,93,0,71195.75,222.3054805,6.908
1,8,72,0,39515.27,222.3054805,6.908
1,8,82,0,20745.26,222.3054805,6.908
1,8,87,0,56446.86,222.3054805,6.908
1,9,10,1,30851.75,222.4390153,6.908
1,9,92,1,160693.21,222.4390153,6.908
1,9,93,1,90651.47,222.4390153,6.908
1,9,49,1,12632.79,222.4390153,6.908
1,9,8,1,38666.21,222.4390153,6.908
1,9,9,1,42920.95,222.4390153,6.908
1,9,90,0,89709.09,222.5820193,6.908
1,9,93,0,81007.78,222.5820193,6.908
1,9,95,0,128542.73,222.5820193,6.908
1,9,14,0,11596.1,222.5820193,6.908
1,9,74,0,10745.38,222.7818386,6.908
1,9,8,0,36404.63,222.7818386,6.908
1,9,82,0,19511.41,222.7818386,6.908
1,9,96,0,34921.11,222.9816579,6.908
1,9,92,0,122434.07,222.9816579,6.908
1,9,12,0,11013.77,222.9816579,6.908
1,9,4,0,34647.33,222.9816579,6.908
1,9,7,0,22343.24,222.9816579,6.908
1,10,13,0,43746.89,223.1814772,6.573
1,10,87,0,68503.09,223.1814772,6.573
1,10,5,0,25508.81,223.1814772,6.573
1,10,8,0,37248.47,223.3812965,6.573
1,10,9,0,37126.23,223.3812965,6.573
1,10,23,0,21024.28,223.3812965,6.573
1,10,14,0,12035.51,223.4257233,6.573
1,10,87,0,48093.57,223.4257233,6.573
1,10,23,0,21460.58,223.4442513,6.573
1,10,7,0,21449.85,223.4442513,6.573
1,10,93,0,66622.89,223.4442513,6.573
2,2,90,0,106222.74,210.7526053,8.324
2,2,9,0,24162.08,210.7526053,8.324
2,2,87,0,36792.81,210.7526053,8.324
2,2,95,0,143002.81,210.7526053,8.324
2,2,14,0,26425.58,210.7526053,8.324
2,2,81,0,32543.64,210.7526053,8.324
2,2,79,1,38257.99,210.8979935,8.324
2,2,14,1,22993.48,210.8979935,8.324
2,2,11,1,18323.66,210.8979935,8.324
2,2,82,1,22121.92,210.8979935,8.324
2,2,18,1,22756.44,210.8979935,8.324
2,2,14,0,25802.77,210.9451605,8.324
2,2,23,0,28701.21,210.9451605,8.324
2,2,8,0,61875.48,210.9759573,8.324
2,2,34,0,19738.31,210.9759573,8.324
2,2,16,0,12558.37,210.9759573,8.324
2,2,25,0,13153.25,210.9759573,8.324
2,2,97,0,35833.09,210.9759573,8.324
2,3,8,0,67041.18,211.0067542,8.324
2,3,26,0,11353.56,211.0067542,8.324
2,3,25,0,14656.5,211.0067542,8.324
2,3,58,0,31304.91,211.0067542,8.324
2,3,82,0,20593.56,211.0067542,8.324
2,3,5,0,35103.72,211.037551,8.324
2,3,9,0,31571.2,211.037551,8.324
2,3,13,0,48536.59,211.037551,8.324
2,3,97,0,38810.15,211.037551,8.324
2,3,72,0,67389.21,211.037551,8.324
2,3,67,0,10030.28,211.037551,8.324
2,3,8,0,60353.6,210.8733316,8.324
2,3,97,0,38430.92,210.8733316,8.324
2,3,26,0,11206.35,210.8733316,8.324
2,3,34,0,14184.99,210.6766095,8.324
2,3,21,0,10845.7,210.6766095,8.324
2,3,81,0,28639.43,210.6766095,8.324
2,3,2,0,59770.18,210.6766095,8.324
2,4,3,0,13404.23,210.4798874,8.2
2,4,8,0,63316.38,210.4798874,8.2
2,4,90,0,100406.58,210.4798874,8.2
2,4,4,0,47951.76,210.4798874,8.2
2,4,82,0,20304.17,210.4798874,8.2
2,4,97,0,37863.95,210.2831653,8.2
2,4,9,0,38630.15,210.2831653,8.2
2,4,17,0,10891.7,210.2831653,8.2
2,4,4,0,45280.89,210.2831653,8.2
2,4,2,0,64295.22,210.2831653,8.2
2,4,11,0,19173.28,210.2831653,8.2
2,4,7,0,29678.87,210.1495463,8.2
2,4,79,0,33131.99,210.1495463,8.2
2,4,4,0,43703.76,210.1000648,8.2
2,4,98,0,14634.81,210.1000648,8.2
2,4,87,0,18103.9,210.1000648,8.2
2,4,26,0,10990.66,210.1000648,8.2
2,4,2,0,65054.02,210.0505833,8.2
2,4,22,0,10060.01,210.0505833,8.2
2,4,11,0,19744.67,210.0505833,8.2
2,4,16,0,59737.98,210.0505833,8.2
2,5,38,0,115724.51,210.0011018,8.2
2,5,21,0,12322.1,210.0011018,8.2
2,5,1,0,26191.58,210.0011018,8.2
2,5,67,0,28823.35,210.0011018,8.2
2,5,95,0,157044.62,210.0011018,8.2
2,5,79,0,29911.31,209.9984585,8.2
2,5,21,0,10583.82,209.9984585,8.2
2,5,67,0,26485.92,209.9984585,8.2
2,5,10,0,34346.25,209.9984585,8.2
2,5,5,0,19852.04,210.2768443,8.2
2,5,74,0,17189.88,210.2768443,8.2
2,5,17,0,12115.19,210.2768443,8.2
2,5,46,0,29568.21,210.2768443,8.2
2,5,40,0,81274.03,210.5552301,8.2
2,5,32,0,10645.12,210.5552301,8.2
2,5,1,0,22899.73,210.5552301,8.2
2,5,38,0,91070.95,210.5552301,8.2
2,5,14,0,18552.58,210.5552301,8.2
2,5,81,0,32539.75,210.5552301,8.2
2,6,38,0,88626.4,210.833616,8.2
2,6,93,0,71871.84,210.833616,8.2
2,6,1,0,23869.17,210.833616,8.2
2,6,5,0,29784.34,210.833616,8.2
2,6,91,0,81920.29,210.833616,8.2
2,6,46,0,34474.31,210.833616,8.2
2,6,72,0,65012.19,211.1120018,8.2
2,6,67,0,12912.25,211.1120018,8.2
2,6,5,0,28096.78,211.1120018,8.2
2,6,1,0,24549.01,211.1120018,8.2
2,6,10,0,43171.67,211.1120018,8.2
2,6,94,0,72333.55,211.1120018,8.2
2,6,82,0,23692.38,211.1096543,8.2
2,6,55,0,13212.15,211.1096543,8.2
2,6,96,0,38370.72,211.1096543,8.2
2,6,92,0,157670.36,211.1096543,8.2
2,6,46,0,29544.61,211.1096543,8.2
2,6,8,0,57122.14,211.1096543,8.2
2,6,55,0,13501.52,210.9950134,8.2
2,6,3,0,10615.94,210.9950134,8.2
2,6,93,0,62453.04,210.9950134,8.2
2,6,46,0,30567.97,210.9950134,8.2
2,6,98,0,14237.28,210.9950134,8.2
2,6,2,0,68587.69,210.9950134,8.2
2,6,40,0,78256.62,210.9950134,8.2
2,7,25,0,15389.5,210.8803726,8.099
2,7,17,0,11778.86,210.8803726,8.099
2,7,9,0,36611.78,210.8803726,8.099
2,7,94,0,77038.43,210.8803726,8.099
2,7,7,0,34611.91,210.8803726,8.099
2,7,25,0,14617.75,210.7657317,8.099
2,7,17,0,12685.71,210.7657317,8.099
2,7,22,0,11540.55,210.7657317,8.099
2,7,7,0,34549.92,210.7657317,8.099
2,7,95,0,150658.55,210.7657317,8.099
2,7,38,0,73848.66,210.7577954,8.099
2,7,25,0,12375.83,210.7577954,8.099
2,7,94,0,70773.46,210.7577954,8.099
2,7,14,0,18449.13,210.7577954,8.099
2,7,95,0,147243.78,210.7577954,8.099
2,7,49,0,14897.24,210.7577954,8.099
2,7,58,0,21255.0,210.8921319,8.099
2,7,2,0,66465.49,210.8921319,8.099
2,7,10,0,43363.43,210.8921319,8.099
2,7,38,0,74734.81,210.8921319,8.099
2,7,96,0,35102.19,210.8921319,8.099
2,7,93,0,56309.14,210.8921319,8.099
2,7,9,0,26695.96,211.0264684,8.099
2,7,32,0,10149.75,211.0264684,8.099
2,7,55,0,12837.9,211.0264684,8.099
2,7,11,0,24241.74,211.0264684,8.099
2,7,5,0,24542.81,211.0264684,8.099
2,7,97,0,37047.47,211.0264684,8.099
2,7,34,0,19022.73,211.0264684,8.099
2,7,8,0,57499.29,211.0264684,8.099
2,8,22,0,11055.39,211.1608049,8.099
2,8,2,0,69920.91,211.1608049,8.099
2,8,38,0,91908.96,211.1608049,8.099
2,8,82,0,21747.39,211.1608049,8.099
2,8,58,0,25100.0,211.2951413,8.099
2,8,14,0,17538.24,211.2951413,8.099
2,8,49,0,18306.23,211.2951413,8.099
2,8,33,0,13157.63,211.2951413,8.099
2,8,38,0,78352.91,211.2951413,8.099
2,8,98,0,13038.95,211.2951413,8.099
2,8,11,0,29838.67,211.2951413,8.099
2,8,16,0,24058.13,211.2596586,8.099
2,8,98,0,13155.24,211.2596586,8.099
2,8,11,0,26546.9,211.2596586,8.099
2,8,90,0,94018.58,211.2596586,8.099
2,8,81,0,30900.1,211.2596586,8.099
2,8,58,0,28318.0,211.2241759,8.099
2,8,2,0,69300.7,211.2241759,8.099
2,8,3,0,66752.04,211.2241759,8.099
2,8,7,0,25264.69,211.2241759,8.099
2,9,38,0,81351.93,211.1886931,8.099
2,9,2,0,70081.13,211.1886931,8.099
2,9,25,0,13813.27,211.1886931,8.099
2,9,98,0,12975.72,211.1886931,8.099
2,9,25,1,14026.13,211.1532104,8.099
2,9,17,1,12247.21,211.1532104,8.099
2,9,3,1,16018.45,211.1532104,8.099
2,9,34,1,12288.77,211.1532104,8.099
2,9,95,0,150160.71,211.1806415,8.099
2,9,17,0,13889.59,211.1806415,8.099
2,9,9,0,31843.64,211.1806415,8.099
2,9,14,0,16957.73,211.2552578,8.099
2,9,58,0,17382.0,211.2552578,8.099
2,9,1,0,26127.76,211.2552578,8.099
2,9,17,0,12856.2,211.2552578,8.099
2,9,9,0,30205.99,211.2552578,8.099
2,10,13,0,51662.65,211.3298742,8.163
2,10,1,0,27023.35,211.3298742,8.163
2,10,26,0,12894.67,211.3298742,8.163
2,10,4,0,44705.44,211.3298742,8.163
2,10,26,0,12999.08,211.4044906,8.163
2,10,81,0,31469.32,211.4044906,8.163
2,10,58,0,23687.0,211.4044906,8.163
2,10,16,0,11764.12,211.4713286,8.163
2,10,96,0,34775.97,211.4713286,8.163
2,10,23,0,21958.53,211.4713286,8.163
2,10,93,0,70685.15,211.4713286,8.163
2,10,9,0,30484.25,211.4713286,8.163
2,10,7,0,26440.36,211.4713286,8.163
2,10,92,0,148333.22,211.5187208,8.163
2,10,23,0,25902.1,211.5187208,8.163
2,10,96,0,34362.04,211.5187208,8.163
2,10,2,0,62810.47,211.5187208,8.163
2,10,93,0,61429.36,211.5187208,8.163
2,10,34,0,14292.6,211.5187208,8.163
2,10,18,0,16786.47,211.5187208,8.163
2,10,90,0,86463.7,211.5661131,8.163
2,10,58,0,19907.0,211.5661131,8.163
2,10,21,0,11195.53,211.5661131,8.163
2,10,1,0,56903.47,211.5661131,8.163
2,10,80,0,25939.5,211.5661131,8.163
2,11,49,0,18135.96,211.6135053,8.163
2,11,72,0,60029.24,211.6135053,8.163
2,11,58,0,14348.0,211.6135053,8.163
2,11,96,0,32397.6,211.6135053,8.163
2,11,18,0,17527.96,211.6135053,8.163
2,11,26,0,11809.66,211.6608975,8.163
2,11,72,0,87396.07,211.6608975,8.163
2,11,34,0,21076.8,211.6608975,8.163
2,11,81,0,31553.54,211.6608975,8.163
2,11,2,0,62367.28,211.6608975,8.163
2,11,18,0,13540.66,211.6608975,8.163
2,11,40,0,79677.32,211.6608975,8.163
2,11,8,0,58246.78,211.6608975,8.163
2,11,80,0,26506.61,211.5470304,8.163
2,11,98,0,17162.59,211.5470304,8.163
2,11,5,0,34318.05,211.5470304,8.163
2,11,10,0,34726.3,211.5470304,8.163
2,11,92,0,205829.42,211.5470304,8.163
2,11,3,0,11233.22,211.5470304,8.163
2,11,80,1,24418.84,211.4062867,8.163
2,11,2,1,66864.2,211.4062867,8.163
2,11,16,1,10354.51,211.4062867,8.163
2,11,18,1,49045.82,211.4062867,8.163
2,11,44,1,10062.93,211.4062867,8.163
2,11,91,1,74842.31,211.4062867,8.163
2,12,49,0,13386.36,211.265543,8.163
2,12,18,0,71185.71,211.265543,8.163
2,12,14,0,26246.33,211.265543,8.163
2,12,55,0,21601.72,211.265543,8.163
2,12,90,0,86420.68,211.265543,8.163
2,12,17,0,16238.47,211.1247993,8.163
2,12,5,0,76143.28,211.1247993,8.163
2,12,10,0,36466.22,211.1247993,8.163
2,12,49,0,13064.4,211.1247993,8.163
2,12,92,0,188809.68,211.1247993,8.163
2,12,29,0,11948.8,211.1247993,8.163
2,12,22,0,25600.58,211.0645458,8.163
2,12,25,0,20580.15,211.0645458,8.163
2,12,21,0,16929.94,211.0645458,8.163
2,12,40,0,81361.6,211.0645458,8.163
2,12,96,0,36589.92,211.0645458,8.163
2,12,4,0,50651.28,211.0645458,8.163
2,12,17,0,31310.15,211.0646599,8.163
2,12,81,0,35995.54,211.0646599,8.163
2,12,34,0,26311.0,211.0646599,8.163
2,12,31,0,10637.66,211.0646599,8.163
2,12,21,0,19078.6,211.0646599,8.163
2,12,29,0,22289.92,211.0646599,8.163
2,12,79,1,26651.58,211.064774,8.163
2,12,81,1,25435.48,211.064774,8.163
2,12,34,1,11667.33,211.064774,8.163
2,12,59,1,12052.16,211.064774,8.163
2,12,4,1,46856.39,211.064774,8.163
2,12,98,1,10994.87,211.064774,8.163
2,1,22,0,11150.0,211.0648881,8.028
2,1,5,0,25042.94,211.0648881,8.028
2,1,49,0,13768.14,211.0648881,8.028
2,1,4,0,46972.35,211.0648881,8.028
2,1,80,0,23585.74,211.0648881,8.028
2,1,94,0,64892.19,211.1176713,8.028
2,1,58,0,18926.0,211.1176713,8.028
2,1,23,0,27128.58,211.1176713,8.028
2,1,11,0,30770.48,211.1176713,8.028
2,1,46,0,24044.68,211.1176713,8.028
2,1,14,0,19331.36,211.4864691,8.028
2,1,4,0,45875.56,211.4864691,8.028
2,1,82,0,22823.37,211.4864691,8.028
2,1,23,0,23282.0,211.4864691,8.028
2,1,91,0,82258.9,211.4864691,8.028
2,1,23,0,21054.98,211.8552668,8.028
2,1,3,0,13959.9,211.8552668,8.028
2,1,46,0,26565.21,211.8552668,8.028
2,2,17,0,12555.71,212.2240646,8.028
2,2,55,0,12880.37,212.2240646,8.028
2,2,81,0,35795.44,212.2240646,8.028
2,2,5,0,38762.47,212.2240646,8.028
2,2,17,1,14889.15,212.5928624,8.028
2,2,81,1,35716.49,212.5928624,8.028
2,2,79,1,38604.13,212.5928624,8.028
2,2,10,1,43617.99,212.5928624,8.028
2,2,40,1,90452.83,212.5928624,8.028
2,2,32,1,19742.01,212.5928624,8.028
2,2,58,0,21581.0,212.9033115,8.028
2,2,1,0,62706.27,212.9033115,8.028
2,2,81,0,30120.56,212.9033115,8.028
2,2,79,0,34028.25,212.9033115,8.028
2,2,14,0,25035.76,212.9033115,8.028
2,2,32,0,29573.34,212.9033115,8.028
2,2,1,0,22631.87,213.190421,8.028
2,2,13,0,47681.17,213.190421,8.028
2,2,17,0,13523.11,213.190421,8.028
2,2,25,0,15140.4,213.190421,8.028
2,2,40,0,78970.78,213.190421,8.028
2,2,91,0,76258.99,213.190421,8.028
2,3,1,0,25562.33,213.4775305,8.028
2,3,17,0,14623.41,213.4775305,8.028
2,3,25,0,18037.54,213.4775305,8.028
2,3,95,0,138719.26,213.4775305,8.028
2,3,5,0,35432.41,213.4775305,8.028
2,3,97,0,39257.4,213.4775305,8.028
2,3,91,0,80599.47,213.4775305,8.028
2,3,1,0,26025.39,213.7646401,8.028
2,3,10,0,39375.84,213.7646401,8.028
2,3,95,0,134988.06,213.7646401,8.028
2,3,93,0,70728.82,213.7646401,8.028
2,3,98,0,13649.83,213.7646401,8.028
2,3,56,0,14386.18,214.0156238,8.028
2,3,97,0,42448.51,214.0156238,8.028
2,3,98,0,14083.51,214.0156238,8.028
2,3,3,0,10075.46,214.2521573,8.028
2,3,7,0,28571.64,214.2521573,8.028
2,4,17,0,10087.98,214.4886908,7.931
2,4,96,0,29176.36,214.4886908,7.931
2,4,38,0,91291.69,214.4886908,7.931
2,4,93,0,63424.11,214.4886908,7.931
2,4,72,0,54318.15,214.7252242,7.931
2,4,97,0,41471.03,214.7252242,7.931
2,4,58,0,13675.0,214.7252242,7.931
2,4,92,0,160178.55,214.7252242,7.931
2,4,79,0,36329.88,214.7252242,7.931
2,4,94,0,72876.86,214.7252242,7.931
2,4,8,0,53845.47,214.9420631,7.931
2,4,94,0,75947.56,214.9420631,7.931
2,4,56,0,15031.47,214.9420631,7.931
2,4,96,0,32593.16,215.1096657,7.931
2,4,98,0,14683.19,215.1096657,7.931
2,4,3,0,11080.5,215.1096657,7.931
2,4,91,0,75128.02,215.1096657,7.931
2,4,94,0,70944.27,215.2772683,7.931
2,4,93,0,66881.73,215.2772683,7.931
2,4,38,0,76558.97,215.2772683,7.931
2,4,4,0,42103.64,215.2772683,7.931
2,4,92,0,141627.99,215.2772683,7.931
2,5,16,0,37593.03,215.4448709,7.931
2,5,23,0,22442.98,215.4448709,7.931
2,5,67,0,27981.56,215.4448709,7.931
2,5,46,0,29615.55,215.4448709,7.931
2,5,38,0,82152.79,215.6124735,7.931
2,5,23,0,26030.76,215.6124735,7.931
2,5,80,0,23778.91,215.6124735,7.931
2,5,10,0,36568.65,215.6124735,7.931
2,5,40,0,74941.86,215.6124735,7.931
2,5,23,0,24385.42,215.3834778,7.931
2,5,98,0,12708.99,215.3834778,7.931
2,5,87,0,16946.1,215.3834778,7.931
2,5,49,0,14815.74,215.3834778,7.931
2,5,13,0,42768.57,215.1544822,7.931
2,5,87,0,17157.45,215.1544822,7.931
2,5,23,0,26340.51,215.1544822,7.931
2,6,3,0,11452.62,214.9254865,7.931
2,6,5,0,21997.1,214.9254865,7.931
2,6,34,0,21605.79,214.9254865,7.931
2,6,97,0,44083.98,214.6964908,7.931
2,6,13,0,44499.26,214.6964908,7.931
2,6,80,0,24931.95,214.6964908,7.931
2,6,9,0,39730.27,214.6964908,7.931
2,6,32,0,10985.65,214.6513538,7.931
2,6,82,0,21218.62,214.6513538,7.931
2,6,74,0,15098.34,214.6513538,7.931
2,6,96,0,36970.31,214.6513538,7.931
2,6,3,0,10714.53,214.6513538,7.931
2,6,46,0,30710.31,214.7441108,7.931
2,6,67,0,15826.91,214.7441108,7.931
2,7,93,0,73955.06,214.8368678,7.852
2,7,49,0,17470.82,214.8368678,7.852
2,7,7,0,39615.78,214.8368678,7.852
2,7,46,0,30905.78,214.8368678,7.852
2,7,98,0,13940.54,214.9296249,7.852
2,7,93,0,81173.37,214.9296249,7.852
2,7,9,0,36193.49,214.9296249,7.852
2,7,3,0,11795.66,214.9296249,7.852
2,7,98,0,12664.24,215.0134426,7.852
2,7,87,0,23662.61,215.0134426,7.852
2,7,13,0,42400.51,215.0134426,7.852
2,7,4,0,41935.9,215.0134426,7.852
2,7,7,0,28481.88,215.0134426,7.852
2,7,72,0,58896.48,215.0134426,7.852
2,7,9,0,26658.0,215.0134426,7.852
2,7,17,0,12598.95,215.0134426,7.852
2,7,25,0,13760.29,215.0749122,7.852
2,7,87,0,21385.76,215.0749122,7.852
2,7,7,0,25548.72,215.0749122,7.852
2,7,72,0,57627.32,215.0749122,7.852
2,7,95,0,142703.37,215.0749122,7.852
2,7,3,0,31299.26,215.1363819,7.852
2,7,4,0,42761.1,215.1363819,7.852
2,7,91,0,72412.83,215.1363819,7.852
2,7,87,0,22011.62,215.1363819,7.852
2,7,9,0,26098.5,215.1363819,7.852
2,7,7,0,24296.94,215.1363819,7.852
2,8,3,0,41720.49,215.1978515,7.852
2,8,17,0,14366.25,215.1978515,7.852
2,8,11,0,35124.67,215.1978515,7.852
2,8,91,0,82408.53,215.1978515,7.852
2,8,24,0,11799.02,215.1978515,7.852
2,8,80,0,26155.58,215.1978515,7.852
2,8,8,0,56995.96,215.1978515,7.852
2,8,25,0,13764.91,215.2593211,7.852
2,8,11,0,20738.84,215.2593211,7.852
2,8,96,0,31222.89,215.2593211,7.852
2,8,34,0,17630.76,215.2593211,7.852
2,8,40,0,68597.94,215.2593211,7.852
2,8,31,0,10480.64,215.3229307,7.852
2,8,3,0,68674.69,215.3229307,7.852
2,8,33,0,17930.88,215.3229307,7.852
2,8,22,0,10232.06,215.3229307,7.852
2,8,79,0,29774.75,215.3229307,7.852
2,8,34,0,18182.77,215.3229307,7.852
2,8,8,0,52018.66,215.3229307,7.852
2,8,81,0,28040.42,215.386897,7.852
2,8,10,0,40100.96,215.386897,7.852
2,8,17,0,13055.85,215.386897,7.852
2,8,40,0,71795.39,215.386897,7.852
2,9,16,0,18111.52,215.4508632,7.852
2,9,8,0,55692.84,215.4508632,7.852
2,9,80,1,25860.82,215.5148295,7.852
2,9,97,1,43685.33,215.5148295,7.852
2,9,10,1,41532.99,215.5148295,7.852
2,9,72,1,54597.33,215.5148295,7.852
2,9,46,0,24616.79,215.6944378,7.852
2,9,97,0,41346.46,215.6944378,7.852
2,9,87,0,20009.37,215.6944378,7.852
2,9,1,0,23973.86,215.6944378,7.852
2,9,58,0,15497.5,215.6944378,7.852
2,9,16,0,11305.76,216.0282356,7.852
2,9,79,0,27434.91,216.0282356,7.852
2,9,46,0,24795.49,216.0282356,7.852
2,9,7,0,23498.8,216.0282356,7.852
2,9,9,0,31142.23,216.0282356,7.852
2,9,82,0,19727.67,216.0282356,7.852
2,9,4,0,41290.33,216.0282356,7.852
2,9,58,0,19640.0,216.0282356,7.852
2,9,74,0,12612.04,216.3620333,7.852
2,9,38,0,76486.29,216.3620333,7.852
2,9,22,0,11146.51,216.3620333,7.852
2,9,8,0,56021.27,216.3620333,7.852
2,10,97,0,43650.67,216.6958311,7.441
2,10,16,0,11698.05,216.6958311,7.441
2,10,72,0,55872.54,216.6958311,7.441
2,10,67,0,10025.48,217.0048261,7.441
2,10,18,0,11484.48,217.0048261,7.441
2,10,82,0,21217.69,217.0048261,7.441
2,10,58,0,19817.5,217.0048261,7.441
2,10,34,0,14857.27,217.1650042,7.441
2,10,13,0,42628.03,217.1650042,7.441
2,10,3,0,11464.09,217.1650042,7.441
2,10,9,0,29311.69,217.1650042,7.441
2,10,72,0,91916.15,217.1650042,7.441
2,10,5,0,33234.62,217.3251824,7.441
2,10,79,0,26168.26,217.3251824,7.441
2,10,49,0,13268.4,217.3251824,7.441
2,10,82,0,21665.45,217.3251824,7.441
2,11,49,0,12255.39,217.4853605,7.441
2,11,3,0,11071.88,217.4853605,7.441
2,11,74,0,16337.82,217.4853605,7.441
2,11,91,0,82859.38,217.6455387,7.441
2,11,10,0,37635.99,217.6455387,7.441
2,11,72,0,85773.69,217.6455387,7.441
2,11,95,0,135961.16,217.8670218,7.441
2,11,46,0,28359.14,217.8670218,7.441
2,11,72,0,61502.29,217.8670218,7.441
2,11,55,1,37174.41,218.1130269,7.441
2,11,74,1,26892.11,218.1130269,7.441
2,11,26,1,15642.36,218.1130269,7.441
2,11,38,1,63560.48,218.1130269,7.441
2,11,1,1,25542.74,218.1130269,7.441
2,11,91,1,77606.71,218.1130269,7.441
2,11,24,1,14529.15,218.1130269,7.441
2,12,74,0,13406.63,218.3590319,7.441
2,12,26,0,11870.34,218.3590319,7.441
2,12,38,0,94483.66,218.3590319,7.441
2,12,1,0,29959.08,218.3590319,7.441
2,12,96,0,26607.43,218.3590319,7.441
2,12,97,0,34999.01,218.3590319,7.441
2,12,46,0,31002.47,218.3590319,7.441
2,12,58,0,33703.5,218.605037,7.441
2,12,49,0,12547.73,218.605037,7.441
2,12,55,0,21435.01,218.605037,7.441
2,12,96,0,28257.9,218.605037,7.441
2,12,92,0,195953.72,218.605037,7.441
2,12,93,0,76763.07,218.605037,7.441
2,12,8,0,60262.21,218.605037,7.441
2,12,21,0,14811.89,218.8217928,7.441
2,12,32,0,23953.0,218.8217928,7.441
2,12,97,0,41373.23,218.8217928,7.441
2,12,8,0,61554.57,218.8217928,7.441
2,12,34,0,25751.23,218.9995495,7.441
2,12,58,0,43696.5,218.9995495,7.441
2,12,5,0,106536.9,218.9995495,7.441
2,12,93,0,97658.89,218.9995495,7.441
2,12,94,0,78479.16,218.9995495,7.441
2,12,33,0,17889.67,218.9995495,7.441
2,12,3,1,11918.71,219.1773063,7.441
2,12,5,1,39314.47,219.1773063,7.441
2,12,82,1,45651.08,219.1773063,7.441
2,12,58,1,23347.5,219.1773063,7.441
2,12,7,1,56063.19,219.1773063,7.441
2,1,81,0,29612.37,219.355063,7.057
2,1,82,0,22640.5,219.355063,7.057
2,1,58,0,26435.0,219.355063,7.057
2,1,40,0,86607.58,219.355063,7.057
2,1,93,0,75276.2,219.355063,7.057
2,1,74,0,18279.11,219.5328198,7.057
2,1,80,0,24378.32,219.5328198,7.057
2,1,58,0,25350.0,219.5328198,7.057
2,1,5,0,21581.64,219.5328198,7.057
2,1,46,0,23206.75,219.5328198,7.057
2,1,8,0,54965.78,219.5328198,7.057
2,1,11,0,20660.6,219.5328198,7.057
2,1,14,0,18993.71,219.6258417,7.057
2,1,82,0,19110.46,219.6258417,7.057
2,1,58,0,22015.0,219.6258417,7.057
2,1,97,0,37818.11,219.6258417,7.057
2,1,9,0,20453.81,219.6258417,7.057
2,1,5,0,25254.46,219.7188636,7.057
2,1,94,0,63121.47,219.7188636,7.057
2,2,5,0,35533.52,219.8118854,7.057
2,2,49,0,17141.44,219.8118854,7.057
2,2,1,0,28813.06,219.8118854,7.057
2,2,55,0,11543.94,219.8118854,7.057
2,2,74,1,17769.77,219.9049073,7.057
2,2,58,1,29292.0,219.9049073,7.057
2,2,8,1,61533.8,219.9049073,7.057
2,2,34,1,16078.79,219.9049073,7.057
2,2,4,1,46926.71,219.9049073,7.057
2,2,14,0,26357.43,220.0651993,7.057
2,2,18,0,33202.85,220.0651993,7.057
2,2,4,0,44344.22,220.0651993,7.057
2,2,40,0,83124.39,220.275944,7.057
2,2,97,0,38344.51,220.275944,7.057
2,2,58,0,16214.0,220.275944,7.057
2,2,25,0,14996.91,220.275944,7.057
2,2,32,0,12616.36,220.275944,7.057
2,3,81,0,31437.87,220.4866886,7.057
2,3,16,0,29071.02,220.4866886,7.057
2,3,40,0,87036.03,220.4866886,7.057
2,3,23,0,27084.02,220.4866886,7.057
2,3,94,0,66574.68,220.4866886,7.057
2,3,26,0,10482.88,220.6974332,7.057
2,3,92,0,177087.77,220.6974332,7.057
2,3,9,0,35665.88,220.6974332,7.057
2,3,49,0,21443.93,220.6974332,7.057
2,3,92,0,175208.77,220.8498468,7.057
2,3,95,0,148709.6,220.8498468,7.057
2,3,8,0,56255.58,220.8498468,7.057
2,3,17,0,15851.1,220.8498468,7.057
2,3,8,0,57199.46,220.9244858,7.057
2,3,95,0,134320.62,220.9244858,7.057
2,3,79,0,28452.46,220.9244858,7.057
2,3,97,0,36932.23,220.9244858,7.057
2,3,81,0,30055.39,220.9244858,7.057
2,3,7,0,27478.65,220.9244858,7.057
2,3,8,0,57878.11,220.9991248,7.057
2,3,98,0,12451.63,220.9991248,7.057
2,3,10,0,45021.86,220.9991248,7.057
2,3,14,0,16866.61,220.9991248,7.057
2,4,74,0,15791.52,221.0737638,6.891
2,4,7,0,44709.09,221.0737638,6.891
2,4,3,0,11303.0,221.0737638,6.891
2,4,23,0,32207.84,221.0737638,6.891
2,4,94,0,77313.72,221.0737638,6.891
2,4,16,0,58753.03,221.0737638,6.891
2,4,94,0,75486.28,221.1484028,6.891
2,4,25,0,16904.37,221.1484028,6.891
2,4,23,0,26763.12,221.1484028,6.891
2,4,96,0,36821.52,221.1484028,6.891
2,4,1,0,56093.13,221.1484028,6.891
2,4,87,0,24117.39,221.1484028,6.891
2,4,1,0,22568.57,221.2021074,6.891
2,4,25,0,14871.96,221.2021074,6.891
2,4,9,0,35971.85,221.2021074,6.891
2,4,22,0,10476.82,221.255812,6.891
2,4,96,0,35098.5,221.255812,6.891
2,4,40,0,80544.87,221.255812,6.891
2,4,49,0,13890.94,221.255812,6.891
2,5,95,0,152357.46,221.3095166,6.891
2,5,56,0,12570.37,221.3095166,6.891
2,5,1,0,22711.04,221.3095166,6.891
2,5,9,0,34498.57,221.3095166,6.891
2,5,38,0,80841.58,221.3095166,6.891
2,5,17,0,14189.92,221.3632212,6.891
2,5,58,0,10015.0,221.3632212,6.891
2,5,9,0,31940.67,221.3632212,6.891
2,5,72,0,71333.9,221.380331,6.891
2,5,56,0,14191.05,221.380331,6.891
2,5,93,0,78488.09,221.380331,6.891
2,5,10,0,39042.87,221.380331,6.891
2,5,98,0,15090.63,221.380331,6.891
2,5,67,0,13038.3,221.3828029,6.891
2,5,91,0,79044.7,221.3828029,6.891
2,5,11,0,24026.31,221.3828029,6.891
2,5,4,0,47627.29,221.3828029,6.891
2,5,10,0,39541.31,221.3828029,6.891
2,6,17,0,12311.16,221.3852748,6.891
2,6,46,0,32734.76,221.3852748,6.891
2,6,22,0,10169.55,221.3852748,6.891
2,6,3,0,10794.48,221.3852748,6.891
2,6,95,0,149743.33,221.3852748,6.891
2,6,8,0,63464.67,221.3877467,6.891
2,6,81,0,34918.38,221.3877467,6.891
2,6,23,0,33841.84,221.3877467,6.891
2,6,95,0,164570.41,221.3877467,6.891
2,6,32,0,10042.08,221.3877467,6.891
2,6,10,0,37707.93,221.4009901,6.891
2,6,80,0,26280.99,221.4009901,6.891
2,6,4,0,44776.31,221.4009901,6.891
2,6,2,0,66904.1,221.4009901,6.891
2,6,4,0,45355.82,221.4411622,6.891
2,6,10,0,40477.12,221.4411622,6.891
2,6,67,0,17326.32,221.4411622,6.891
2,6,96,0,40365.14,221.4411622,6.891
2,6,79,0,28257.19,221.4813343,6.891
2,6,97,0,40238.86,221.4813343,6.891
2,6,49,0,13730.57,221.4813343,6.891
2,7,97,0,46744.29,221.5215064,6.565
2,7,40,0,76536.89,221.5215064,6.565
2,7,98,0,15235.16,221.5215064,6.565
2,7,32,0,10457.55,221.5215064,6.565
2,7,2,0,65225.27,221.5616784,6.565
2,7,22,0,11690.51,221.5616784,6.565
2,7,97,0,40785.39,221.5616784,6.565
2,7,91,0,86798.08,221.5616784,6.565
2,7,87,0,23667.74,221.5616784,6.565
2,7,92,0,164392.53,221.5701123,6.565
2,7,40,0,75567.17,221.5701123,6.565
2,7,11,0,23285.82,221.5701123,6.565
2,7,7,0,30088.37,221.5701123,6.565
2,7,46,0,28708.2,221.5785461,6.565
2,7,82,0,22765.9,221.5785461,6.565
2,8,91,0,84185.36,221.5869799,6.565
2,8,13,0,47817.73,221.5869799,6.565
2,8,38,0,72420.96,221.5869799,6.565
2,8,74,0,20078.26,221.5869799,6.565
2,8,11,0,34090.06,221.5869799,6.565
2,8,9,0,27676.98,221.5954138,6.565
2,8,23,0,29282.18,221.5954138,6.565
2,8,33,0,10207.32,221.5954138,6.565
2,8,17,0,13756.98,221.5954138,6.565
2,8,92,0,170283.67,221.5954138,6.565
2,8,4,0,47210.3,221.6751459,6.565
2,8,17,0,14577.63,221.6751459,6.565
2,8,33,0,10937.44,221.6751459,6.565
2,8,24,0,15501.67,221.6751459,6.565
2,8,10,0,35939.84,221.6751459,6.565
2,8,92,0,157874.84,221.8083518,6.565
2,8,16,0,20245.01,221.8083518,6.565
2,8,8,0,58219.65,221.8083518,6.565
2,8,2,0,68175.69,221.8083518,6.565
2,8,79,0,28171.75,221.8083518,6.565
2,8,34,0,16950.15,221.8083518,6.565
2,8,72,0,67488.9,221.9415576,6.565
2,8,5,0,25320.02,221.9415576,6.565
2,8,8,0,60093.88,221.9415576,6.565
2,8,40,0,77013.83,221.9415576,6.565
2,8,3,0,59695.45,221.9415576,6.565
2,8,11,0,19048.29,221.9415576,6.565
2,9,4,1,46049.92,222.0747635,6.565
2,9,46,1,26549.11,222.0747635,6.565
2,9,7,1,27534.81,222.0747635,6.565
