1,2,55,0,21249.31,211.0963582,8.106
1,2,49,0,11501.46,211.0963582,8.106
1,2,25,0,11609.5,211.0963582,8.106
1,2,23,1,22812.41,211.2421698,8.106
1,2,49,1,16139.05,211.2421698,8.106
1,2,74,1,11857.96,211.2421698,8.106
1,2,25,0,10271.25,211.2891429,8.106
1,2,2,0,47928.89,211.2891429,8.106
1,2,26,0,10547.6,211.2891429,8.106
1,2,74,0,13330.89,211.3196429,8.106
1,2,87,0,32299.49,211.3196429,8.106
1,2,94,0,55501.07,211.3196429,8.106
1,2,95,0,103652.58,211.3196429,8.106
1,3,2,0,48397.98,211.3501429,8.106
1,3,72,0,65525.74,211.3501429,8.106
1,3,46,0,20565.45,211.3501429,8.106
1,3,1,0,21043.39,211.3806429,8.106
1,3,49,0,13267.5,211.3806429,8.106
1,3,16,0,41742.21,211.215635,8.106
1,3,7,0,22711.59,211.215635,8.106
1,3,93,0,62781.44,211.215635,8.106
1,3,90,0,76760.92,211.215635,8.106
1,3,4,0,33872.07,211.0180424,8.106
1,3,3,0,10366.85,211.0180424,8.106
1,3,23,0,19105.92,211.0180424,8.106
1,3,13,0,35431.73,211.0180424,8.106
1,4,72,0,50079.67,210.8204499,7.808
1,4,16,0,46060.69,210.8204499,7.808
1,4,1,0,57258.43,210.8204499,7.808
1,4,93,0,63245.0,210.8204499,7.808
1,4,92,0,126907.41,210.8204499,7.808
1,4,90,0,77280.42,210.8204499,7.808
1,4,79,0,37815.5,210.6228574,7.808
1,4,74,0,10895.18,210.6228574,7.808
1,4,5,0,18516.45,210.6228574,7.808
1,4,82,0,17678.66,210.6228574,7.808
1,4,87,0,31171.25,210.4887,7.808
1,4,12,0,11187.99,210.4887,7.808
1,4,82,0,16566.09,210.4887,7.808
1,4,11,0,19991.95,210.4887,7.808
1,4,91,0,63631.89,210.4887,7.808
1,4,13,0,36058.1,210.4391228,7.808
1,4,7,0,18534.4,210.4391228,7.808
1,4,93,0,55781.92,210.4391228,7.808
1,4,4,0,33806.71,210.4391228,7.808
1,4,16,0,48858.08,210.3895456,7.808
1,4,87,0,31240.73,210.3895456,7.808
1,4,93,0,55901.42,210.3895456,7.808
1,5,1,0,17413.94,210.3399684,7.808
1,5,16,0,52933.2,210.3399684,7.808
1,5,81,0,31614.83,210.3399684,7.808
1,5,81,0,29631.17,210.3374261,7.808
1,5,46,0,18294.5,210.3374261,7.808
1,5,74,0,10565.14,210.3374261,7.808
1,5,14,0,14678.22,210.3374261,7.808
1,5,82,0,17814.39,210.3374261,7.808
1,5,4,0,33657.7,210.3374261,7.808
1,5,98,0,12519.08,210.3374261,7.808
1,5,23,0,20697.6,210.6170934,7.808
1,5,13,0,38569.83,210.6170934,7.808
1,5,49,0,10502.54,210.6170934,7.808
1,5,82,0,17328.64,210.6170934,7.808
1,5,92,0,117117.65,210.6170934,7.808
1,5,5,0,15784.6,210.8967606,7.808
1,5,2,0,44619.52,210.8967606,7.808
1,5,12,0,11876.34,210.8967606,7.808
1,5,80,0,14905.3,210.8967606,7.808
1,5,25,0,11229.88,210.8967606,7.808
1,5,11,0,28393.85,210.8967606,7.808
1,6,74,0,12881.32,211.1764278,7.808
1,6,95,0,133056.97,211.1764278,7.808
1,6,90,0,76433.03,211.1764278,7.808
1,6,38,0,96137.67,211.1764278,7.808
1,6,12,0,13358.92,211.1764278,7.808
1,6,13,0,39657.1,211.4560951,7.808
1,6,38,0,105539.53,211.4560951,7.808
1,6,72,0,41297.84,211.4560951,7.808
1,6,13,0,39165.29,211.4537719,7.808
1,6,7,0,26984.25,211.4537719,7.808
1,6,72,0,43244.02,211.4537719,7.808
1,6,97,0,31260.27,211.3386526,7.808
1,6,11,0,39460.59,211.3386526,7.808
1,6,13,0,38697.24,211.3386526,7.808
1,6,23,0,27161.66,211.3386526,7.808
1,6,95,0,120172.47,211.3386526,7.808
1,7,9,0,21032.55,211.2235333,7.787
1,7,90,0,78602.71,211.2235333,7.787
1,7,34,0,11627.5,211.2235333,7.787
1,7,87,0,33515.6,211.108414,7.787
1,7,7,0,22767.34,211.108414,7.787
1,7,91,0,68003.36,211.108414,7.787
1,7,81,0,32226.46,211.108414,7.787
1,7,16,0,35796.64,211.108414,7.787
1,7,95,0,126241.2,211.108414,7.787
1,7,13,0,40150.0,211.1003854,7.787
1,7,91,0,66316.42,211.1003854,7.787
1,7,4,0,35234.66,211.1003854,7.787
1,7,94,0,58125.31,211.2351443,7.787
1,7,91,0,59855.9,211.2351443,7.787
1,7,23,0,20200.65,211.2351443,7.787
1,7,8,0,33568.19,211.3699032,7.787
1,7,87,0,39298.49,211.3699032,7.787
1,7,90,0,69626.13,211.3699032,7.787
1,8,12,0,12887.52,211.5046621,7.787
1,8,7,0,21842.57,211.5046621,7.787
1,8,87,0,47141.7,211.5046621,7.787
1,8,46,0,19380.82,211.5046621,7.787
1,8,49,0,11454.96,211.5046621,7.787
1,8,92,0,132948.33,211.6394211,7.787
1,8,97,0,33496.7,211.6033633,7.787
1,8,14,0,13260.23,211.6033633,7.787
1,8,38,0,70299.21,211.6033633,7.787
1,8,33,0,14881.25,211.6033633,7.787
1,8,80,0,15204.72,211.6033633,7.787
1,8,9,0,21062.68,211.6033633,7.787
1,8,13,0,41175.86,211.5673056,7.787
1,8,79,0,28990.87,211.5673056,7.787
1,8,97,0,31655.17,211.5673056,7.787
1,8,16,0,19682.2,211.5673056,7.787
1,8,24,0,16489.07,211.5673056,7.787
1,8,31,0,10581.34,211.5673056,7.787
1,9,3,0,19081.8,211.5312479,7.787
1,9,7,0,18005.65,211.5312479,7.787
1,9,91,0,64708.91,211.5312479,7.787
1,9,81,0,30199.35,211.5312479,7.787
1,9,97,1,38996.39,211.4951902,7.787
1,9,38,1,78481.32,211.4951902,7.787
1,9,90,1,78235.77,211.4951902,7.787
1,9,4,1,36603.78,211.4951902,7.787
1,9,38,0,76162.38,211.5224596,7.787
1,9,10,0,29212.99,211.5224596,7.787
1,9,92,0,110184.21,211.5972246,7.787
1,9,10,0,29097.1,211.5972246,7.787
1,9,11,0,16215.81,211.5972246,7.787
1,9,9,0,27585.27,211.5972246,7.787
1,9,81,0,26864.57,211.5972246,7.787
1,10,11,0,16227.08,211.6719895,7.838
1,10,40,0,58625.28,211.6719895,7.838
1,10,25,0,10343.22,211.7467544,7.838
1,10,34,0,10845.93,211.7467544,7.838
1,10,12,0,11883.66,211.7467544,7.838
1,10,72,0,30051.47,211.7467544,7.838
1,10,40,0,59429.87,211.7467544,7.838
1,10,38,0,73963.61,211.7467544,7.838
1,10,11,0,17361.19,211.8137436,7.838
1,10,8,0,33747.68,211.8137436,7.838
1,10,40,0,55682.39,211.8137436,7.838
1,10,23,0,17717.02,211.8137436,7.838
1,10,16,0,11526.6,211.8137436,7.838
1,10,92,0,115463.1,211.8612937,7.838
1,10,82,0,20808.34,211.8612937,7.838
1,10,87,0,37976.64,211.8612937,7.838
1,10,46,0,16832.19,211.8612937,7.838
1,10,14,0,11895.44,211.8612937,7.838
1,10,38,0,71814.32,211.8612937,7.838
1,10,79,0,25548.97,211.9088438,7.838
1,10,23,0,19134.38,211.9088438,7.838
1,10,90,0,70851.19,211.9088438,7.838
1,11,14,0,14092.03,211.9563939,7.838
1,11,38,0,77547.67,211.9563939,7.838
1,11,74,0,10107.0,211.9563939,7.838
1,11,90,0,79428.8,212.003944,7.838
1,11,4,0,37078.61,211.8896737,7.838
1,11,7,0,24313.72,211.8896737,7.838
1,11,98,0,14059.26,211.8896737,7.838
1,11,3,1,10706.81,211.7484333,7.838
1,11,9,1,44504.17,211.7484333,7.838
1,11,72,1,196810.42,211.7484333,7.838
1,11,79,1,29147.2,211.7484333,7.838
1,11,98,1,17693.74,211.7484333,7.838
1,11,91,1,57154.78,211.7484333,7.838
1,12,5,0,36472.02,211.607193,7.838
1,12,13,0,36170.88,211.607193,7.838
1,12,87,0,52678.88,211.607193,7.838
1,12,9,0,21979.41,211.607193,7.838
1,12,14,0,17685.93,211.607193,7.838
1,12,95,0,111384.36,211.4659526,7.838
1,12,72,0,44605.69,211.4659526,7.838
1,12,9,0,26639.65,211.4659526,7.838
1,12,38,0,69386.52,211.4659526,7.838
1,12,10,0,28569.66,211.4659526,7.838
1,12,92,0,156941.48,211.4053124,7.838
1,12,21,0,10135.43,211.4053124,7.838
1,12,79,0,31340.51,211.4053124,7.838
1,12,46,0,31913.56,211.4053124,7.838
1,12,17,0,13487.5,211.4053124,7.838
1,12,4,0,39154.41,211.4053124,7.838
1,12,81,0,31165.18,211.4051222,7.838
1,12,18,0,22403.61,211.4051222,7.838
1,12,59,0,18016.74,211.4051222,7.838
1,12,4,0,47893.23,211.4051222,7.838
1,12,81,1,24041.67,211.4049321,7.838
1,12,55,1,22366.22,211.4049321,7.838
1,12,40,1,58568.16,211.4049321,7.838
1,12,17,1,10429.16,211.4049321,7.838
1,12,80,1,14170.58,211.4049321,7.838
1,1,8,0,36599.46,211.4047419,7.742
1,1,80,0,14670.69,211.4047419,7.742
1,1,7,0,10774.06,211.4574109,7.742
1,1,94,0,57078.51,211.4574109,7.742
1,1,38,0,80921.16,211.4574109,7.742
1,1,4,0,34393.95,211.4574109,7.742
1,1,80,0,15334.15,211.4574109,7.742
1,1,98,0,10914.54,211.4574109,7.742
1,1,87,0,39297.8,211.8272343,7.742
1,1,5,0,18438.07,211.8272343,7.742
1,1,1,0,17341.47,211.8272343,7.742
1,1,96,0,23337.09,211.8272343,7.742
1,1,11,0,20041.24,212.1970577,7.742
1,1,38,0,71672.01,212.1970577,7.742
1,1,96,0,26943.78,212.1970577,7.742
1,1,23,0,13915.16,212.1970577,7.742
1,2,74,0,10837.23,212.5668812,7.742
1,2,34,0,11782.92,212.5668812,7.742
1,2,40,1,67392.25,212.9367046,7.742
1,2,13,1,36883.13,212.9367046,7.742
1,2,10,1,35673.56,212.9367046,7.742
1,2,46,1,20609.53,212.9367046,7.742
1,2,96,1,29590.34,212.9367046,7.742
1,2,98,1,16060.11,212.9367046,7.742
1,2,67,1,13759.36,212.9367046,7.742
1,2,10,0,34655.18,213.2478853,7.742
1,2,32,0,21488.44,213.2478853,7.742
1,2,96,0,27800.63,213.2478853,7.742
1,2,81,0,27205.38,213.535609,7.742
1,2,3,0,10473.78,213.535609,7.742
1,2,2,0,46165.25,213.535609,7.742
1,3,90,0,79030.64,213.8233327,7.742
1,3,7,0,19607.4,213.8233327,7.742
1,3,97,0,35305.67,213.8233327,7.742
1,3,1,0,21280.4,214.1110564,7.742
1,3,23,0,21167.35,214.1110564,7.742
1,3,9,0,27860.95,214.1110564,7.742
1,3,74,0,12333.35,214.1110564,7.742
1,3,5,0,22685.69,214.3627114,7.742
1,3,12,0,15560.17,214.3627114,7.742
1,3,23,0,19134.28,214.3627114,7.742
1,3,74,0,11361.36,214.3627114,7.742
1,3,91,0,69243.49,214.3627114,7.742
1,3,98,0,11336.94,214.5999389,7.742
1,3,97,0,34150.08,214.5999389,7.742
1,3,56,0,14313.44,214.5999389,7.742
1,3,93,0,64882.37,214.5999389,7.742
1,4,81,0,28545.23,214.8371664,7.682
1,4,11,0,22642.55,214.8371664,7.682
1,4,2,0,46991.58,214.8371664,7.682
1,4,96,0,31925.72,214.8371664,7.682
1,4,56,0,13231.66,214.8371664,7.682
1,4,40,0,61678.44,215.0743939,7.682
1,4,23,0,19942.92,215.0743939,7.682
1,4,2,0,48501.79,215.0743939,7.682
1,4,10,0,32563.54,215.0743939,7.682
1,4,98,0,11474.46,215.0743939,7.682
1,4,38,0,76028.75,215.2918561,7.682
1,4,46,0,19154.69,215.2918561,7.682
1,4,23,0,20292.45,215.2918561,7.682
1,4,72,0,41104.42,215.4599053,7.682
1,4,93,0,71114.52,215.4599053,7.682
1,4,95,0,118632.26,215.4599053,7.682
1,4,55,0,11210.12,215.4599053,7.682
1,4,95,0,111764.31,215.6279544,7.682
1,5,90,0,85337.89,215.7960035,7.682
1,5,46,0,21598.1,215.7960035,7.682
1,5,97,0,38463.79,215.7960035,7.682
1,5,94,0,73210.1,215.7960035,7.682
1,5,72,0,41898.67,215.9640526,7.682
1,5,93,0,80678.85,215.9640526,7.682
1,5,79,0,33007.29,215.9640526,7.682
1,5,14,0,13166.43,215.7339202,7.682
1,5,16,0,35861.13,215.7339202,7.682
1,5,12,0,14387.22,215.7339202,7.682
1,5,9,0,23918.77,215.7339202,7.682
1,5,1,0,15136.78,215.7339202,7.682
1,5,16,0,38914.76,215.5037878,7.682
1,5,12,0,11961.81,215.5037878,7.682
1,5,80,0,16729.47,215.5037878,7.682
1,5,1,0,15741.6,215.5037878,7.682
1,5,79,0,28296.72,215.5037878,7.682
1,6,80,0,18044.78,215.2736553,7.682
1,6,8,0,36767.22,215.2736553,7.682
1,6,74,0,12250.97,215.2736553,7.682
1,6,97,0,40101.21,215.0435229,7.682
1,6,94,0,68642.16,215.0435229,7.682
1,6,40,0,53286.19,214.9980596,7.682
1,6,7,0,23791.78,215.0910982,7.682
1,6,10,0,29831.79,215.0910982,7.682
1,6,97,0,33724.87,215.0910982,7.682
1,7,97,0,36457.02,215.1841368,7.962
1,7,46,0,20260.49,215.1841368,7.962
1,7,91,0,61103.02,215.1841368,7.962
1,7,92,0,134861.72,215.2771754,7.962
1,7,93,0,80746.97,215.2771754,7.962
1,7,91,0,69752.06,215.2771754,7.962
1,7,9,0,24644.78,215.2771754,7.962
1,7,12,0,10046.0,215.3611087,7.962
1,7,1,0,15654.85,215.3611087,7.962
1,7,92,0,131780.79,215.3611087,7.962
1,7,93,0,75611.67,215.3611087,7.962
1,7,49,0,10128.42,215.4222784,7.962
1,7,7,0,16002.3,215.4222784,7.962
1,7,14,0,11681.04,215.4222784,7.962
1,7,49,0,11816.35,215.4834482,7.962
1,8,93,0,74028.8,215.544618,7.962
1,8,13,0,42542.66,215.544618,7.962
1,8,92,0,137310.46,215.544618,7.962
1,8,96,0,32757.9,215.544618,7.962
1,8,40,0,56976.03,215.544618,7.962
1,8,11,0,23696.66,215.6057878,7.962
1,8,3,0,32148.93,215.6057878,7.962
1,8,14,0,11724.24,215.6693107,7.962
1,8,9,0,18244.5,215.6693107,7.962
1,8,79,0,32156.49,215.6693107,7.962
1,8,10,0,28909.06,215.6693107,7.962
1,8,34,0,11307.0,215.6693107,7.962
1,8,80,0,19146.71,215.6693107,7.962
1,8,38,0,71090.57,215.6693107,7.962
1,8,10,0,30630.65,215.7332258,7.962
1,8,34,0,10365.03,215.7332258,7.962
1,8,49,0,13517.07,215.7332258,7.962
1,9,10,0,30606.87,215.7971409,7.962
1,9,55,0,11307.8,215.7971409,7.962
1,9,95,0,130446.34,215.7971409,7.962
1,9,79,0,40331.25,215.7971409,7.962
1,9,12,1,10927.54,215.861056,7.962
1,9,81,1,30764.85,215.861056,7.962
1,9,93,1,83809.26,215.861056,7.962
1,9,96,0,31689.22,216.0410526,7.962
1,9,12,0,10392.19,216.0410526,7.962
1,9,81,0,29282.71,216.0410526,7.962
1,9,80,0,18221.94,216.0410526,7.962
1,9,80,0,17403.83,216.3758246,7.962
1,9,81,0,26749.2,216.3758246,7.962
1,9,8,0,33157.11,216.3758246,7.962
1,9,95,0,115663.78,216.7105965,7.962
1,9,80,0,17443.45,216.7105965,7.962
1,9,81,0,26579.49,216.7105965,7.962
1,9,2,0,46045.09,216.7105965,7.962
1,9,93,0,61812.32,216.7105965,7.962
1,10,98,0,12081.32,217.0453684,7.866
1,10,16,0,14309.01,217.0453684,7.866
1,10,93,0,83366.17,217.0453684,7.866
1,10,5,0,30352.06,217.0453684,7.866
1,10,97,0,40724.52,217.0453684,7.866
1,10,40,0,54758.87,217.3552733,7.866
1,10,87,0,42396.06,217.3552733,7.866
1,10,46,0,17898.93,217.3552733,7.866
1,10,49,0,12499.83,217.5159762,7.866
1,10,1,0,23351.8,217.5159762,7.866
1,10,9,0,31062.86,217.5159762,7.866
1,10,72,0,56909.42,217.5159762,7.866
1,10,38,0,67148.18,217.6766791,7.866
1,10,55,0,11531.5,217.6766791,7.866
1,10,93,0,61848.68,217.6766791,7.866
1,10,9,0,34679.39,217.6766791,7.866
1,10,87,0,42200.12,217.6766791,7.866
1,11,97,0,36482.93,217.837382,7.866
1,11,11,0,27469.93,217.837382,7.866
1,11,93,0,77943.57,217.837382,7.866
1,11,92,0,152401.64,217.837382,7.866
1,11,93,0,84183.85,217.9980849,7.866
1,11,46,0,17593.42,217.9980849,7.866
1,11,81,0,29705.92,217.9980849,7.866
1,11,12,0,10216.64,217.9980849,7.866
1,11,8,0,33169.55,218.2205088,7.866
1,11,91,0,66433.08,218.2205088,7.866
1,11,5,0,27339.37,218.2205088,7.866
1,11,81,0,30031.81,218.2205088,7.866
1,11,24,1,10847.14,218.4676211,7.866
1,11,81,1,31047.79,218.4676211,7.866
1,11,93,1,87760.1,218.4676211,7.866
1,11,6,1,18629.83,218.4676211,7.866
1,11,1,1,20911.25,218.4676211,7.866
1,11,46,1,19731.84,218.4676211,7.866
1,11,80,1,17754.36,218.4676211,7.866
1,12,96,0,30734.52,218.7147333,7.866
1,12,81,0,26715.24,218.7147333,7.866
1,12,93,0,62296.23,218.7147333,7.866
1,12,34,0,15044.32,218.9618456,7.866
1,12,32,0,13979.39,218.9618456,7.866
1,12,9,0,27724.56,218.9618456,7.866
1,12,4,0,38729.31,218.9618456,7.866
1,12,17,0,11642.24,219.1794533,7.866
1,12,21,0,10855.44,219.1794533,7.866
1,12,24,0,11274.48,219.1794533,7.866
1,12,33,0,10083.01,219.1794533,7.866
1,12,4,0,38266.47,219.1794533,7.866
1,12,13,0,36950.91,219.3577216,7.866
1,12,26,0,12517.98,219.3577216,7.866
1,12,24,0,12694.74,219.3577216,7.866
1,12,93,0,90573.65,219.3577216,7.866
1,12,90,0,116538.94,219.3577216,7.866
1,12,87,0,49707.56,219.3577216,7.866
1,12,80,0,22350.09,219.3577216,7.866
1,12,55,1,29051.72,219.5359898,7.866
1,12,96,1,35210.98,219.5359898,7.866
1,12,87,1,48035.97,219.5359898,7.866
1,12,74,1,13382.99,219.5359898,7.866
1,12,95,1,93358.91,219.5359898,7.866
1,1,11,0,25666.34,219.7142581,7.348
1,1,23,0,17203.25,219.7142581,7.348
1,1,46,0,16758.49,219.7142581,7.348
1,1,40,0,61166.26,219.8925263,7.348
1,1,1,0,18378.16,220.0788523,7.348
1,1,23,0,13690.78,220.0788523,7.348
1,1,14,0,12684.05,220.0788523,7.348
1,1,96,0,31542.9,220.0788523,7.348
1,1,79,0,28937.93,220.0788523,7.348
1,2,11,0,22429.17,220.1720153,7.348
1,2,95,0,115507.25,220.1720153,7.348
1,2,96,0,35689.32,220.1720153,7.348
1,2,94,0,63151.36,220.1720153,7.348
1,2,74,0,12320.57,220.1720153,7.348
1,2,95,1,125038.09,220.2651783,7.348
1,2,1,1,36988.49,220.2651783,7.348
1,2,22,1,11817.34,220.2651783,7.348
1,2,11,0,26269.87,220.4257586,7.348
1,2,13,0,38622.92,220.4257586,7.348
1,2,40,0,63913.1,220.4257586,7.348
1,2,8,0,37244.73,220.4257586,7.348
1,2,90,0,91093.52,220.4257586,7.348
1,2,97,0,32002.54,220.636902,7.348
1,2,81,0,28579.0,220.636902,7.348
1,2,3,0,10502.4,220.636902,7.348
1,2,87,0,52151.9,220.636902,7.348
1,2,11,0,21750.64,220.636902,7.348
1,2,90,0,82674.87,220.636902,7.348
1,3,93,0,73085.02,220.8480454,7.348
1,3,98,0,11906.88,220.8480454,7.348
1,3,25,0,11620.37,220.8480454,7.348
1,3,1,0,21140.07,221.0591887,7.348
1,3,40,0,65110.73,221.0591887,7.348
1,3,97,0,38745.38,221.0591887,7.348
1,3,4,0,38934.77,221.0591887,7.348
1,3,10,0,34858.03,221.0591887,7.348
1,3,56,0,11246.66,221.2118132,7.348
1,3,90,0,93174.12,221.2118132,7.348
1,3,9,0,37941.84,221.2118132,7.348
1,3,7,0,20690.01,221.2118132,7.348
1,3,87,0,48196.31,221.2118132,7.348
1,3,4,0,36586.52,221.2864126,7.348
1,3,1,0,22107.7,221.2864126,7.348
1,3,5,0,25442.13,221.2864126,7.348
1,3,34,0,12282.21,221.2864126,7.348
1,3,46,0,17613.46,221.2864126,7.348
1,3,7,0,15628.59,221.2864126,7.348
1,3,55,0,10850.61,221.3610119,7.348
1,3,97,0,35314.89,221.3610119,7.348
1,3,14,0,14690.27,221.3610119,7.348
1,4,40,0,64686.95,221.4356112,7.143
1,4,1,0,57592.12,221.4356112,7.143
1,4,16,0,59512.97,221.4356112,7.143
1,4,87,0,62587.67,221.4356112,7.143
1,4,21,0,10083.36,221.4356112,7.143
1,4,25,0,12736.32,221.5102105,7.143
1,4,96,0,37289.57,221.5102105,7.143
1,4,93,0,82109.08,221.5102105,7.143
1,4,34,0,16848.85,221.5102105,7.143
1,4,5,0,16645.01,221.5640737,7.143
1,4,82,0,18275.61,221.5640737,7.143
1,4,91,0,67331.15,221.5640737,7.143
1,4,87,0,46467.94,221.5640737,7.143
1,4,1,0,16347.6,221.6179368,7.143
1,4,10,0,29433.27,221.6179368,7.143
1,4,94,0,62287.53,221.6179368,7.143
1,4,23,0,17587.72,221.6179368,7.143
1,5,94,0,65730.41,221.6718,7.143
1,5,97,0,37558.68,221.6718,7.143
1,5,8,0,41589.1,221.6718,7.143
1,5,2,0,50501.3,221.6718,7.143
1,5,95,0,130920.36,221.6718,7.143
1,5,72,0,39483.03,221.7256632,7.143
1,5,13,0,38895.18,221.7256632,7.143
1,5,32,0,10476.98,221.7256632,7.143
1,5,2,0,44411.23,221.742674,7.143
1,5,96,0,37807.63,221.742674,7.143
1,5,34,0,15712.57,221.742674,7.143
1,5,46,0,21830.63,221.744944,7.143
1,5,87,0,47573.08,221.744944,7.143
1,5,80,0,19421.03,221.744944,7.143
1,5,74,0,12407.15,221.744944,7.143
1,6,97,0,36918.07,221.7472139,7.143
1,6,49,0,10810.62,221.7472139,7.143
1,6,16,0,45508.72,221.7472139,7.143
1,6,5,0,17233.25,221.7472139,7.143
1,6,23,0,23504.62,221.7472139,7.143
1,6,12,0,10742.68,221.7494839,7.143
1,6,2,0,49439.58,221.7494839,7.143
1,6,97,0,40069.6,221.7494839,7.143
1,6,81,0,33639.63,221.7494839,7.143
1,6,40,0,58426.12,221.7494839,7.143
1,6,9,0,30307.11,221.7494839,7.143
1,6,80,0,21658.4,221.7626421,7.143
1,6,81,0,34681.25,221.7626421,7.143
1,6,40,0,55600.99,221.7626421,7.143
1,6,5,0,21376.63,221.7626421,7.143
1,6,91,0,76138.44,221.7626421,7.143
1,6,10,0,32851.06,221.8030211,7.143
1,6,11,0,26407.67,221.8030211,7.143
1,6,34,0,12356.92,221.8030211,7.143
1,6,9,0,28249.43,221.8030211,7.143
1,6,7,0,24077.39,221.8434,7.143
1,6,81,0,31098.43,221.8434,7.143
1,6,38,0,67658.22,221.8434,7.143
1,6,34,0,12800.16,221.8434,7.143
1,7,93,0,97979.96,221.8837789,6.908
1,7,46,0,22048.67,221.8837789,6.908
1,7,34,0,14618.59,221.8837789,6.908
1,7,92,0,156581.44,221.8837789,6.908
1,7,8,0,36130.01,221.9241579,6.908
1,7,38,0,66232.11,221.9241579,6.908
1,7,87,0,48022.42,221.9241579,6.908
1,7,80,0,19375.38,221.9327267,6.908
1,7,81,0,30588.78,221.9327267,6.908
1,7,8,0,37797.31,221.9327267,6.908
1,7,82,0,20460.8,221.9327267,6.908
1,7,87,0,49906.28,221.9327267,6.908
1,7,2,0,45008.22,221.9412954,6.908
1,7,97,0,31575.8,221.9412954,6.908
1,8,23,0,22566.41,221.9498642,6.908
1,8,81,0,30862.25,221.9498642,6.908
1,8,74,0,12338.15,221.9498642,6.908
1,8,7,0,16916.29,221.9498642,6.908
1,8,72,0,40143.72,221.9498642,6.908
1,8,98,0,11493.61,221.9584329,6.908
1,8,16,0,21677.85,221.9584329,6.908
1,8,91,0,73659.91,221.9584329,6.908
1,8,92,0,150012.51,221.9584329,6.908
1,8,72,0,40663.95,221.9584329,6.908
1,8,4,0,38105.9,222.0384109,6.908
1,8,3,0,31905.97,222.0384109,6.908
1,8,92,0,149962.1,222.0384109,6.908
1,8,33,0,10682.47,222.0384109,6.908
1,8,34,0,10272.79,222.0384109,6.908
1,8,87,0,47405.37,222.0384109,6.908
1,8,24,0,16785.62,222.1719457,6.908
1,8,23,0,25618.62,222.1719457,6.908
1,8,14,0,12912.96,222.3054805,6.908
1,8,1,0,16680.24,222.3054805,6.908
1,8,24,0,13181.63,222.3054805,6.908
1,8,46,0,18039.38,222.3054805,6.908
1,8,34,0,10066.04,222.3054805,6.908
1,8,40,0,59897.79,222.3054805,6.908
1,8,33,0,11799.65,222.3054805,6.908
1,8,11,0,21103.42,222.3054805,6.908
1,9,80,1,21718.71,222.4390153,6.908
1,9,79,1,46501.08,222.4390153,6.908
1,9,98,1,11544.63,222.4390153,6.908
1,9,4,0,35044.06,222.5820193,6.908
1,9,98,0,11646.84,222.5820193,6.908
1,9,91,0,70429.68,222.5820193,6.908
1,9,8,0,37346.83,222.5820193,6.908
1,9,7,0,15525.82,222.5820193,6.908
1,9,96,0,33452.24,222.7818386,6.908
1,9,13,0,39746.87,222.7818386,6.908
1,9,38,0,74195.35,222.7818386,6.908
1,9,14,0,12193.8,222.7818386,6.908
1,9,4,0,34507.34,222.7818386,6.908
1,9,13,0,39793.41,222.9816579,6.908
1,9,8,0,37254.84,222.9816579,6.908
1,9,79,0,28492.34,222.9816579,6.908
1,9,40,0,56346.83,222.9816579,6.908
1,10,90,0,95882.36,223.1814772,6.573
1,10,9,0,40439.53,223.1814772,6.573
1,10,97,0,40500.26,223.1814772,6.573
1,10,94,0,63583.95,223.1814772,6.573
1,10,34,0,10523.41,223.1814772,6.573
1,10,90,0,92950.15,223.3812965,6.573
1,10,38,0,82276.59,223.3812965,6.573
1,10,94,0,62887.85,223.3812965,6.573
1,10,91,0,67677.85,223.3812965,6.573
1,10,46,0,16784.5,223.4257233,6.573
1,10,10,0,29442.38,223.4257233,6.573
1,10,94,0,62767.87,223.4257233,6.573
1,10,13,0,38341.15,223.4257233,6.573
1,10,98,0,13110.24,223.4257233,6.573
1,10,95,0,123346.24,223.4257233,6.573
1,10,2,0,43134.88,223.4442513,6.573
1,10,80,0,17918.31,223.4442513,6.573
1,10,13,0,38512.48,223.4442513,6.573
2,2,26,0,13414.69,210.7526053,8.324
2,2,32,0,17212.26,210.7526053,8.324
2,2,23,0,31836.69,210.7526053,8.324
2,2,93,0,66106.91,210.7526053,8.324
2,2,4,0,47681.96,210.7526053,8.324
2,2,87,1,35794.44,210.8979935,8.324
2,2,32,1,21492.32,210.8979935,8.324
2,2,17,1,16749.96,210.8979935,8.324
2,2,25,1,19286.0,210.8979935,8.324
2,2,96,0,29022.9,210.9451605,8.324
2,2,8,0,66589.27,210.9451605,8.324
2,2,81,0,29863.25,210.9451605,8.324
2,2,3,0,14607.28,210.9451605,8.324
2,2,17,0,18650.87,210.9451605,8.324
2,2,94,0,90239.09,210.9451605,8.324
2,2,2,0,70853.58,210.9451605,8.324
2,2,1,0,58221.52,210.9451605,8.324
2,2,7,0,24275.91,210.9759573,8.324
2,2,40,0,87027.09,210.9759573,8.324
2,2,81,0,29834.16,210.9759573,8.324
2,2,11,0,19397.41,210.9759573,8.324
2,2,79,0,34018.03,210.9759573,8.324
2,2,91,0,79680.54,210.9759573,8.324
2,3,7,0,29442.87,211.0067542,8.324
2,3,81,0,31887.2,211.0067542,8.324
2,3,72,0,84174.89,211.0067542,8.324
2,3,17,0,15135.48,211.037551,8.324
2,3,94,0,66517.69,211.037551,8.324
2,3,58,0,20054.0,211.037551,8.324
2,3,95,0,142935.5,211.037551,8.324
2,3,91,0,83691.77,211.037551,8.324
2,3,10,0,43471.99,210.8733316,8.324
2,3,56,0,13069.16,210.8733316,8.324
2,3,93,0,63191.57,210.8733316,8.324
2,3,58,0,19818.0,210.8733316,8.324
2,3,14,0,20236.78,210.8733316,8.324
2,3,98,0,13637.56,210.8733316,8.324
2,3,55,0,17573.29,210.8733316,8.324
2,3,3,0,12406.44,210.6766095,8.324
2,3,1,0,32213.99,210.6766095,8.324
2,3,8,0,55825.44,210.6766095,8.324
2,3,87,0,22366.36,210.6766095,8.324
2,3,17,0,13164.03,210.6766095,8.324
2,4,79,0,38249.5,210.4798874,8.2
2,4,22,0,10464.41,210.4798874,8.2
2,4,93,0,69947.77,210.4798874,8.2
2,4,55,0,12773.79,210.4798874,8.2
2,4,49,0,17518.1,210.4798874,8.2
2,4,17,0,11679.99,210.4798874,8.2
2,4,91,0,81010.92,210.2831653,8.2
2,4,32,0,11323.64,210.2831653,8.2
2,4,21,0,10703.09,210.2831653,8.2
2,4,55,0,14031.92,210.2831653,8.2
2,4,1,0,66560.0,210.2831653,8.2
2,4,80,0,27492.2,210.2831653,8.2
2,4,3,0,11547.5,210.1495463,8.2
2,4,96,0,33703.81,210.1495463,8.2
2,4,10,0,43576.77,210.1495463,8.2
2,4,55,0,10922.25,210.1495463,8.2
2,4,95,0,152070.07,210.1495463,8.2
2,4,13,0,47625.97,210.1000648,8.2
2,4,58,0,20545.0,210.1000648,8.2
2,4,21,0,10289.38,210.1000648,8.2
2,4,1,0,22163.12,210.1000648,8.2
2,4,90,0,85549.69,210.0505833,8.2
2,4,55,0,11138.24,210.0505833,8.2
2,4,34,0,17468.66,210.0505833,8.2
2,5,56,0,17126.96,210.0011018,8.2
2,5,34,0,22199.15,210.0011018,8.2
2,5,74,0,17165.77,210.0011018,8.2
2,5,92,0,163001.2,210.0011018,8.2
2,5,3,0,10855.62,209.9984585,8.2
2,5,55,0,10132.82,209.9984585,8.2
2,5,34,0,21863.32,209.9984585,8.2
2,5,25,0,15107.25,209.9984585,8.2
2,5,96,0,32522.06,209.9984585,8.2
2,5,46,0,28215.34,209.9984585,8.2
2,5,49,0,18170.72,210.2768443,8.2
2,5,92,0,149506.27,210.2768443,8.2
2,5,55,0,11826.09,210.2768443,8.2
2,5,32,0,11843.77,210.2768443,8.2
2,5,8,0,59977.0,210.2768443,8.2
2,5,9,0,34446.59,210.2768443,8.2
2,5,10,0,41826.48,210.2768443,8.2
2,5,94,0,70915.09,210.5552301,8.2
2,6,21,0,11543.27,210.833616,8.2
2,6,32,0,13576.58,210.833616,8.2
2,6,16,0,69765.65,210.833616,8.2
2,6,9,0,48752.71,210.833616,8.2
2,6,14,0,19716.99,210.833616,8.2
2,6,22,0,11062.6,211.1120018,8.2
2,6,98,0,14024.29,211.1120018,8.2
2,6,46,0,32154.36,211.1120018,8.2
2,6,80,0,27588.5,211.1096543,8.2
2,6,67,0,21858.38,211.1096543,8.2
2,6,49,0,14757.06,211.1096543,8.2
2,6,14,0,18450.15,211.1096543,8.2
2,6,5,0,26323.42,211.1096543,8.2
2,6,1,0,23757.36,210.9950134,8.2
2,6,14,0,16534.18,210.9950134,8.2
2,6,8,0,57049.63,210.9950134,8.2
2,6,95,0,154269.2,210.9950134,8.2
2,7,74,0,19219.61,210.8803726,8.099
2,7,49,0,17797.57,210.8803726,8.099
2,7,81,0,34041.09,210.8803726,8.099
2,7,91,0,79072.84,210.8803726,8.099
2,7,97,0,43393.52,210.8803726,8.099
2,7,16,0,42022.73,210.7657317,8.099
2,7,14,0,17849.39,210.7657317,8.099
2,7,5,0,25088.27,210.7657317,8.099
2,7,96,0,41039.45,210.7657317,8.099
2,7,3,0,21138.74,210.7577954,8.099
2,7,4,0,46002.41,210.7577954,8.099
2,7,12,0,10103.58,210.7577954,8.099
2,7,80,0,25130.29,210.8921319,8.099
2,7,23,0,27646.32,210.8921319,8.099
2,7,79,0,29264.73,210.8921319,8.099
2,7,14,0,16611.98,210.8921319,8.099
2,7,91,0,77829.66,210.8921319,8.099
2,7,34,0,16930.82,210.8921319,8.099
2,7,3,0,34165.46,211.0264684,8.099
2,7,96,0,35199.55,211.0264684,8.099
2,7,4,0,45238.73,211.0264684,8.099
2,8,94,0,73022.22,211.1608049,8.099
2,8,11,0,38708.3,211.1608049,8.099
2,8,40,0,73896.66,211.1608049,8.099
2,8,79,0,40781.41,211.1608049,8.099
2,8,55,0,12210.51,211.1608049,8.099
2,8,23,0,31185.34,211.2951413,8.099
2,8,87,0,24125.27,211.2951413,8.099
2,8,74,0,18732.97,211.2951413,8.099
2,8,92,0,155188.37,211.2951413,8.099
2,8,33,0,16810.49,211.2596586,8.099
2,8,82,0,20455.39,211.2596586,8.099
2,8,13,0,46653.59,211.2596586,8.099
2,8,79,0,31227.69,211.2596586,8.099
2,8,91,0,82268.44,211.2596586,8.099
2,8,95,0,151964.25,211.2596586,8.099
2,8,1,0,21264.66,211.2241759,8.099
2,8,74,0,17373.42,211.2241759,8.099
2,8,92,0,141542.88,211.2241759,8.099
2,8,81,0,30135.89,211.2241759,8.099
2,9,92,0,158203.22,211.1886931,8.099
2,9,1,0,23901.32,211.1886931,8.099
2,9,3,0,27296.57,211.1886931,8.099
2,9,17,0,14536.02,211.1886931,8.099
2,9,2,1,65663.65,211.1532104,8.099
2,9,58,1,18126.0,211.1532104,8.099
2,9,1,1,25710.17,211.1532104,8.099
2,9,5,1,21516.68,211.1532104,8.099
2,9,4,1,45649.0,211.1532104,8.099
2,9,40,0,78273.6,211.1806415,8.099
2,9,46,0,25292.82,211.1806415,8.099
2,9,16,0,17120.84,211.1806415,8.099
2,9,1,0,26266.39,211.1806415,8.099
2,9,98,0,13480.96,211.1806415,8.099
2,9,87,0,25775.83,211.2552578,8.099
2,9,2,0,65789.27,211.2552578,8.099
2,9,96,0,33980.35,211.2552578,8.099
2,9,3,0,12302.36,211.2552578,8.099
2,9,98,0,13148.61,211.2552578,8.099
2,9,95,0,141185.27,211.2552578,8.099
2,9,79,0,27800.49,211.2552578,8.099
2,10,92,0,152095.59,211.3298742,8.163
2,10,96,0,33770.47,211.3298742,8.163
2,10,93,0,60469.4,211.3298742,8.163
2,10,10,0,37086.82,211.3298742,8.163
2,10,7,0,27350.84,211.3298742,8.163
2,10,95,0,141966.54,211.4044906,8.163
2,10,97,0,43424.28,211.4044906,8.163
2,10,22,0,14939.1,211.4044906,8.163
2,10,94,0,63512.56,211.4044906,8.163
2,10,55,0,11004.44,211.4713286,8.163
2,10,13,0,46042.26,211.4713286,8.163
2,10,4,0,44807.3,211.4713286,8.163
2,10,91,0,83037.67,211.4713286,8.163
2,10,97,0,43599.47,211.4713286,8.163
2,10,32,0,10400.52,211.4713286,8.163
2,10,74,0,15103.82,211.5187208,8.163
2,10,4,0,42886.13,211.5187208,8.163
2,10,80,0,25164.64,211.5187208,8.163
2,10,98,0,14368.37,211.5187208,8.163
2,10,79,0,27618.8,211.5187208,8.163
2,10,82,0,19911.55,211.5187208,8.163
2,10,3,0,11236.1,211.5661131,8.163
2,10,74,0,15102.95,211.5661131,8.163
2,10,98,0,15701.65,211.5661131,8.163
2,10,82,0,20455.06,211.5661131,8.163
2,11,38,0,93640.72,211.6135053,8.163
2,11,87,0,26125.62,211.6135053,8.163
2,11,4,0,47784.77,211.6135053,8.163
2,11,11,0,27897.88,211.6135053,8.163
2,11,97,0,43241.51,211.6135053,8.163
2,11,46,0,28243.11,211.6135053,8.163
2,11,87,0,23895.98,211.6608975,8.163
2,11,80,0,26873.79,211.6608975,8.163
2,11,98,0,14412.97,211.6608975,8.163
2,11,4,0,46147.8,211.6608975,8.163
2,11,25,0,16927.86,211.5470304,8.163
2,11,26,0,12616.71,211.5470304,8.163
2,11,7,0,53218.32,211.5470304,8.163
2,11,14,0,29749.98,211.5470304,8.163
2,11,87,1,26018.32,211.4062867,8.163
2,11,98,1,24029.0,211.4062867,8.163
2,11,79,1,31418.54,211.4062867,8.163
2,11,23,1,45629.58,211.4062867,8.163
2,12,82,0,30558.95,211.265543,8.163
2,12,13,0,44822.6,211.265543,8.163
2,12,98,0,13086.03,211.265543,8.163
2,12,22,0,15348.29,211.265543,8.163
2,12,94,0,57337.17,211.1247993,8.163
2,12,82,0,42071.73,211.1247993,8.163
2,12,81,0,32413.83,211.1247993,8.163
2,12,34,0,22520.95,211.1247993,8.163
2,12,58,0,17639.0,211.1247993,8.163
2,12,46,0,47658.11,211.0645458,8.163
2,12,81,0,32170.62,211.0645458,8.163
2,12,23,0,59330.0,211.0645458,8.163
2,12,44,0,11728.82,211.0645458,8.163
2,12,34,0,21781.0,211.0645458,8.163
2,12,6,0,22968.91,211.0645458,8.163
2,12,25,0,30205.63,211.0646599,8.163
2,12,40,0,93400.92,211.0646599,8.163
2,12,74,0,20149.28,211.0646599,8.163
2,12,7,0,264837.42,211.0646599,8.163
2,12,80,0,34782.14,211.0646599,8.163
2,12,3,0,21725.62,211.0646599,8.163
2,12,24,0,18032.75,211.0646599,8.163
2,12,10,1,32179.98,211.064774,8.163
2,12,7,1,37464.04,211.064774,8.163
2,12,55,1,24166.85,211.064774,8.163
2,12,90,1,85437.15,211.064774,8.163
2,1,82,0,20401.85,211.0648881,8.028
2,1,7,0,22101.64,211.0648881,8.028
2,1,55,0,11160.33,211.1176713,8.028
2,1,90,0,103298.88,211.1176713,8.028
2,1,5,0,21445.52,211.1176713,8.028
2,1,4,0,44945.65,211.1176713,8.028
2,1,8,0,57356.16,211.1176713,8.028
2,1,2,0,62126.32,211.4864691,8.028
2,1,38,0,89918.55,211.4864691,8.028
2,1,95,0,132232.24,211.4864691,8.028
2,1,93,0,67754.54,211.4864691,8.028
2,1,80,0,24993.41,211.4864691,8.028
2,1,8,0,60375.69,211.4864691,8.028
2,1,40,0,80379.69,211.4864691,8.028
2,1,74,0,17666.25,211.8552668,8.028
2,1,38,0,88650.4,211.8552668,8.028
2,1,55,0,12264.82,211.8552668,8.028
2,1,10,0,35507.97,211.8552668,8.028
2,1,97,0,34841.69,211.8552668,8.028
2,2,74,0,17188.71,212.2240646,8.028
2,2,80,0,25919.96,212.2240646,8.028
2,2,3,0,12058.12,212.2240646,8.028
2,2,94,0,67553.23,212.2240646,8.028
2,2,95,0,145170.94,212.2240646,8.028
2,2,1,1,51382.63,212.5928624,8.028
2,2,80,1,29823.06,212.5928624,8.028
2,2,87,1,26420.05,212.5928624,8.028
2,2,18,1,18434.68,212.5928624,8.028
2,2,95,1,151345.55,212.5928624,8.028
2,2,3,1,12593.04,212.5928624,8.028
2,2,11,0,17715.89,212.9033115,8.028
2,2,55,0,15708.0,212.9033115,8.028
2,2,92,0,161936.54,212.9033115,8.028
2,2,80,0,26975.31,212.9033115,8.028
2,2,10,0,41577.06,212.9033115,8.028
2,2,91,0,82049.29,212.9033115,8.028
2,2,26,0,10533.64,213.190421,8.028
2,2,95,0,128212.25,213.190421,8.028
2,2,55,0,14291.53,213.190421,8.028
2,3,55,0,12701.92,213.4775305,8.028
2,3,10,0,48151.96,213.4775305,8.028
2,3,4,0,46965.84,213.4775305,8.028
2,3,14,0,20675.84,213.4775305,8.028
2,3,96,0,29331.11,213.4775305,8.028
2,3,81,0,32377.2,213.7646401,8.028
2,3,26,0,10200.36,213.7646401,8.028
2,3,9,0,33801.44,213.7646401,8.028
2,3,90,0,93706.47,213.7646401,8.028
2,3,4,0,44569.04,213.7646401,8.028
2,3,11,0,18216.84,213.7646401,8.028
2,3,95,0,143003.44,214.0156238,8.028
2,3,25,0,16880.29,214.0156238,8.028
2,3,14,0,17797.7,214.0156238,8.028
2,3,32,0,13465.12,214.0156238,8.028
2,3,72,0,60028.37,214.2521573,8.028
2,3,16,0,52536.38,214.2521573,8.028
2,3,94,0,68511.24,214.2521573,8.028
2,3,80,0,24414.5,214.2521573,8.028
2,4,22,0,12344.08,214.4886908,7.931
2,4,87,0,21007.26,214.4886908,7.931
2,4,92,0,148964.72,214.4886908,7.931
2,4,81,0,29913.36,214.4886908,7.931
2,4,14,0,17809.41,214.7252242,7.931
2,4,56,0,14534.51,214.7252242,7.931
2,4,9,0,35742.51,214.7252242,7.931
2,4,72,0,62796.1,214.9420631,7.931
2,4,98,0,12725.47,214.9420631,7.931
2,4,16,0,43826.18,214.9420631,7.931
2,4,49,0,11472.5,215.1096657,7.931
2,4,80,0,25707.93,215.1096657,7.931
2,4,56,0,16739.75,215.1096657,7.931
2,4,81,0,28707.78,215.2772683,7.931
2,4,96,0,32119.2,215.2772683,7.931
2,4,10,0,33895.53,215.2772683,7.931
2,4,91,0,69437.98,215.2772683,7.931
2,4,90,0,88730.5,215.2772683,7.931
2,5,4,0,43952.85,215.4448709,7.931
2,5,49,0,15323.62,215.4448709,7.931
2,5,1,0,24658.53,215.4448709,7.931
2,5,56,0,10775.11,215.4448709,7.931
2,5,3,0,12299.04,215.4448709,7.931
2,5,16,0,43716.62,215.6124735,7.931
2,5,11,0,21386.81,215.6124735,7.931
2,5,9,0,29411.1,215.6124735,7.931
2,5,14,0,19521.67,215.6124735,7.931
2,5,4,0,41947.23,215.6124735,7.931
2,5,91,0,80341.29,215.6124735,7.931
2,5,90,0,92653.91,215.6124735,7.931
2,5,5,0,19321.39,215.6124735,7.931
2,5,11,0,16405.28,215.3834778,7.931
2,5,72,0,51275.77,215.3834778,7.931
2,5,79,0,27176.29,215.3834778,7.931
2,5,14,0,17834.92,215.3834778,7.931
2,5,16,0,39997.54,215.3834778,7.931
2,5,4,0,41425.37,215.3834778,7.931
2,5,93,0,68192.75,215.1544822,7.931
2,5,16,0,39900.87,215.1544822,7.931
2,5,40,0,73256.3,215.1544822,7.931
2,5,34,0,18948.28,215.1544822,7.931
2,5,91,0,74537.91,215.1544822,7.931
2,6,98,0,13824.52,214.9254865,7.931
2,6,13,0,45225.61,214.9254865,7.931
2,6,74,0,15856.8,214.9254865,7.931
2,6,9,0,39948.23,214.9254865,7.931
2,6,46,0,34482.55,214.6964908,7.931
2,6,8,0,58382.4,214.6964908,7.931
2,6,17,0,10668.24,214.6964908,7.931
2,6,5,0,25711.63,214.6964908,7.931
2,6,82,0,22855.72,214.6964908,7.931
2,6,58,0,24720.0,214.6513538,7.931
2,6,23,0,36271.44,214.6513538,7.931
2,6,1,0,22431.56,214.6513538,7.931
2,6,98,0,13944.22,214.6513538,7.931
2,6,23,0,34244.66,214.7441108,7.931
2,6,8,0,56254.65,214.7441108,7.931
2,6,1,0,21426.72,214.7441108,7.931
2,6,90,0,89207.73,214.7441108,7.931
2,6,13,0,43116.26,214.7441108,7.931
2,6,9,0,33724.28,214.7441108,7.931
2,7,82,0,23013.83,214.8368678,7.852
2,7,25,0,14093.77,214.8368678,7.852
2,7,40,0,73362.36,214.8368678,7.852
2,7,16,0,46554.94,214.9296249,7.852
2,7,72,0,50905.78,214.9296249,7.852
2,7,17,0,12433.78,214.9296249,7.852
2,7,5,0,19500.87,214.9296249,7.852
2,7,79,0,33644.9,214.9296249,7.852
2,7,14,0,19241.44,214.9296249,7.852
2,7,55,0,10766.43,215.0134426,7.852
2,7,23,0,24733.77,215.0134426,7.852
2,7,93,0,72407.08,215.0134426,7.852
2,7,80,0,26601.54,215.0134426,7.852
2,7,8,0,53335.72,215.0134426,7.852
2,7,5,0,21350.63,215.0749122,7.852
2,7,23,0,25475.53,215.0749122,7.852
2,7,11,0,30142.06,215.0749122,7.852
2,7,93,0,65059.29,215.0749122,7.852
2,7,17,0,13731.02,215.0749122,7.852
2,7,9,0,26592.28,215.0749122,7.852
2,7,40,0,66393.65,215.1363819,7.852
2,7,17,0,13270.89,215.1363819,7.852
2,7,79,0,28011.1,215.1363819,7.852
2,7,49,0,16959.46,215.1363819,7.852
2,7,22,0,11300.23,215.1363819,7.852
2,8,23,0,28666.85,215.1978515,7.852
2,8,4,0,46332.58,215.1978515,7.852
2,8,72,0,61312.96,215.1978515,7.852
2,8,90,0,99403.38,215.1978515,7.852
2,8,40,0,70565.93,215.1978515,7.852
2,8,92,0,158082.14,215.2593211,7.852
2,8,79,0,31249.44,215.2593211,7.852
2,8,33,0,10623.96,215.2593211,7.852
2,8,90,0,99571.64,215.2593211,7.852
2,8,38,0,71708.94,215.3229307,7.852
2,8,24,0,24585.84,215.3229307,7.852
2,8,80,0,26224.2,215.3229307,7.852
2,8,94,0,71896.0,215.386897,7.852
2,8,7,0,22683.49,215.386897,7.852
2,8,33,0,12831.82,215.386897,7.852
2,9,74,0,16578.84,215.4508632,7.852
2,9,92,0,156168.3,215.4508632,7.852
2,9,46,0,25778.23,215.4508632,7.852
2,9,13,0,48399.6,215.4508632,7.852
2,9,10,0,40438.65,215.4508632,7.852
2,9,23,1,19193.92,215.5148295,7.852
2,9,93,1,77386.51,215.5148295,7.852
2,9,40,1,72308.58,215.5148295,7.852
2,9,8,1,52356.03,215.5148295,7.852
2,9,96,1,35285.46,215.5148295,7.852
2,9,16,0,12371.14,215.6944378,7.852
2,9,11,0,15384.53,215.6944378,7.852
2,9,72,0,44396.74,215.6944378,7.852
2,9,98,0,13179.37,215.6944378,7.852
2,9,5,0,22894.86,215.6944378,7.852
2,9,93,0,61189.72,216.0282356,7.852
2,9,98,0,11961.08,216.0282356,7.852
2,9,81,0,27370.3,216.3620333,7.852
2,9,23,0,19305.23,216.3620333,7.852
2,9,92,0,148682.36,216.3620333,7.852
2,9,14,0,15396.74,216.3620333,7.852
2,10,11,0,18247.4,216.6958311,7.441
2,10,46,0,27998.56,216.6958311,7.441
2,10,8,0,56024.76,216.6958311,7.441
2,10,87,0,24201.86,216.6958311,7.441
2,10,14,0,17825.09,217.0048261,7.441
2,10,13,0,43462.12,217.0048261,7.441
2,10,5,0,25263.69,217.0048261,7.441
2,10,87,0,20161.96,217.0048261,7.441
2,10,96,0,31038.1,217.0048261,7.441
2,10,94,0,62264.03,217.0048261,7.441
2,10,40,0,70862.73,217.1650042,7.441
2,10,91,0,74394.33,217.1650042,7.441
2,10,80,0,24242.31,217.3251824,7.441
2,10,40,0,69317.13,217.3251824,7.441
2,10,18,0,26898.37,217.3251824,7.441
2,10,1,0,43490.95,217.3251824,7.441
2,11,91,0,75717.24,217.4853605,7.441
2,11,38,0,88565.91,217.4853605,7.441
2,11,81,0,28105.66,217.4853605,7.441
2,11,7,0,50781.91,217.6455387,7.441
2,11,38,0,84624.25,217.6455387,7.441
2,11,96,0,29241.21,217.6455387,7.441
2,11,25,0,12840.99,217.8670218,7.441
2,11,1,0,23923.11,217.8670218,7.441
2,11,81,0,31136.36,217.8670218,7.441
2,11,91,0,83365.1,217.8670218,7.441
2,11,7,0,53880.94,217.8670218,7.441
2,11,17,0,13481.43,217.8670218,7.441
2,11,18,1,50925.45,218.1130269,7.441
2,11,58,1,37631.0,218.1130269,7.441
2,11,81,1,32479.38,218.1130269,7.441
2,11,72,1,263558.03,218.1130269,7.441
2,11,13,1,45221.05,218.1130269,7.441
2,11,33,1,12888.99,218.1130269,7.441
2,12,18,0,71401.56,218.3590319,7.441
2,12,58,0,34162.5,218.3590319,7.441
2,12,23,0,35300.5,218.3590319,7.441
2,12,32,0,12792.24,218.3590319,7.441
2,12,13,0,41985.3,218.3590319,7.441
2,12,14,0,26538.9,218.3590319,7.441
2,12,40,0,77914.16,218.605037,7.441
2,12,38,0,90443.37,218.605037,7.441
2,12,72,0,88936.7,218.605037,7.441
2,12,13,0,41300.96,218.605037,7.441
2,12,32,0,15556.68,218.605037,7.441
2,12,95,0,137144.49,218.605037,7.441
2,12,79,0,28993.31,218.8217928,7.441
2,12,13,0,39745.11,218.8217928,7.441
2,12,94,0,62040.83,218.8217928,7.441
2,12,87,0,28051.9,218.8217928,7.441
2,12,22,0,29263.28,218.9995495,7.441
2,12,17,0,32817.23,218.9995495,7.441
2,12,11,0,33074.28,218.9995495,7.441
2,12,46,0,77799.17,218.9995495,7.441
2,12,81,1,23665.65,219.1773063,7.441
2,12,34,1,13940.4,219.1773063,7.441
2,12,90,1,89541.27,219.1773063,7.441
2,12,4,1,45254.3,219.1773063,7.441
2,12,97,1,33285.31,219.1773063,7.441
2,1,55,0,10967.09,219.355063,7.057
2,1,7,0,19058.99,219.355063,7.057
2,1,18,0,11130.93,219.355063,7.057
2,1,23,0,21735.59,219.355063,7.057
2,1,5,0,24429.4,219.355063,7.057
2,1,9,0,20241.19,219.355063,7.057
2,1,46,0,24073.77,219.355063,7.057
2,1,34,0,12612.13,219.5328198,7.057
2,1,23,0,20841.36,219.5328198,7.057
2,1,38,0,87321.13,219.5328198,7.057
2,1,95,0,135234.83,219.5328198,7.057
2,1,72,0,65446.39,219.6258417,7.057
2,1,22,0,11406.28,219.6258417,7.057
2,1,8,0,56866.59,219.6258417,7.057
2,1,92,0,169381.67,219.6258417,7.057
2,1,95,0,130134.23,219.6258417,7.057
2,1,96,0,27443.66,219.6258417,7.057
2,1,17,0,12628.27,219.7188636,7.057
2,1,82,0,21186.69,219.7188636,7.057
2,1,96,0,27820.39,219.7188636,7.057
2,1,9,0,21078.2,219.7188636,7.057
2,1,87,0,27403.39,219.7188636,7.057
2,2,95,0,136372.65,219.8118854,7.057
2,2,58,0,17075.0,219.8118854,7.057
2,2,13,0,46869.35,219.8118854,7.057
2,2,10,0,39020.89,219.8118854,7.057
2,2,11,0,19342.08,219.8118854,7.057
2,2,67,1,19043.51,219.9049073,7.057
2,2,14,1,26428.15,219.9049073,7.057
2,2,18,1,12431.69,219.9049073,7.057
2,2,46,1,29453.69,219.9049073,7.057
2,2,91,1,89025.36,219.9049073,7.057
2,2,9,0,23514.79,220.0651993,7.057
2,2,40,0,81678.32,220.0651993,7.057
2,2,13,0,46172.03,220.0651993,7.057
2,2,14,0,21245.98,220.275944,7.057
2,2,80,0,25589.41,220.275944,7.057
2,3,82,0,22905.45,220.4866886,7.057
2,3,96,0,31230.69,220.4866886,7.057
2,3,49,0,25132.0,220.4866886,7.057
2,3,90,0,104804.21,220.6974332,7.057
2,3,72,0,73552.95,220.6974332,7.057
2,3,82,0,22110.83,220.6974332,7.057
2,3,46,0,28722.09,220.6974332,7.057
2,3,87,0,27969.13,220.6974332,7.057
2,3,10,0,40452.9,220.8498468,7.057
2,3,5,0,32855.76,220.8498468,7.057
2,3,14,0,17022.52,220.9244858,7.057
2,3,74,0,14845.23,220.9244858,7.057
2,3,80,0,26038.17,220.9244858,7.057
2,3,58,0,13955.0,220.9244858,7.057
2,3,4,0,42582.69,220.9244858,7.057
2,3,3,0,11410.07,220.9991248,7.057
2,3,40,0,77839.75,220.9991248,7.057
2,3,34,0,19237.12,220.9991248,7.057
2,3,58,0,11735.0,220.9991248,7.057
2,3,7,0,32676.16,220.9991248,7.057
2,4,13,0,47723.86,221.0737638,6.891
2,4,80,0,29874.79,221.0737638,6.891
2,4,56,0,19258.28,221.0737638,6.891
2,4,34,0,19913.85,221.0737638,6.891
2,4,97,0,43038.27,221.0737638,6.891
2,4,79,0,27980.63,221.1484028,6.891
2,4,56,0,13850.55,221.1484028,6.891
2,4,97,0,41986.67,221.1484028,6.891
2,4,87,0,22520.29,221.2021074,6.891
2,4,13,0,46514.01,221.2021074,6.891
2,4,90,0,97189.46,221.2021074,6.891
2,4,81,0,32052.51,221.2021074,6.891
2,4,90,0,90916.58,221.255812,6.891
2,4,11,0,19100.83,221.255812,6.891
2,4,87,0,20174.83,221.255812,6.891
2,5,2,0,67046.93,221.3095166,6.891
2,5,81,0,32312.66,221.3095166,6.891
2,5,49,0,16017.85,221.3095166,6.891
2,5,22,0,10603.89,221.3095166,6.891
2,5,34,0,19771.33,221.3095166,6.891
2,5,2,0,61750.11,221.3632212,6.891
2,5,4,0,44349.31,221.3632212,6.891
2,5,87,0,19602.8,221.3632212,6.891
2,5,38,0,75275.93,221.3632212,6.891
2,5,74,0,15112.82,221.3632212,6.891
2,5,96,0,39170.31,221.380331,6.891
2,5,97,0,41881.08,221.380331,6.891
2,5,79,0,29608.98,221.380331,6.891
2,5,3,0,10591.94,221.380331,6.891
2,5,34,0,22407.24,221.380331,6.891
2,5,5,0,20657.98,221.3828029,6.891
2,5,23,0,27119.98,221.3828029,6.891
2,5,93,0,77365.49,221.3828029,6.891
2,5,2,0,66419.23,221.3828029,6.891
2,5,46,0,33789.68,221.3828029,6.891
2,5,16,0,53840.9,221.3828029,6.891
2,6,72,0,64079.0,221.3852748,6.891
2,6,93,0,79428.28,221.3852748,6.891
2,6,90,0,95382.57,221.3852748,6.891
2,6,98,0,14003.89,221.3852748,6.891
2,6,25,0,16089.96,221.3852748,6.891
2,6,94,0,75685.79,221.3852748,6.891
2,6,3,0,11372.41,221.3877467,6.891
2,6,40,0,82022.26,221.3877467,6.891
2,6,4,0,48621.95,221.3877467,6.891
2,6,11,0,26233.68,221.3877467,6.891
2,6,7,0,45828.75,221.3877467,6.891
2,6,49,0,16052.38,221.3877467,6.891
2,6,9,0,36121.95,221.3877467,6.891
2,6,72,0,64138.35,221.4009901,6.891
2,6,79,0,30395.11,221.4009901,6.891
2,6,40,0,73610.36,221.4009901,6.891
2,6,92,0,169931.76,221.4009901,6.891
2,6,5,0,26047.39,221.4009901,6.891
2,6,34,0,20586.54,221.4009901,6.891
2,6,32,0,11045.13,221.4009901,6.891
2,6,95,0,152744.91,221.4411622,6.891
2,6,97,0,38802.34,221.4411622,6.891
2,6,38,0,60168.96,221.4411622,6.891
2,6,2,0,68915.17,221.4411622,6.891
2,6,14,0,19647.21,221.4411622,6.891
2,6,3,0,10858.12,221.4411622,6.891
2,6,13,0,47493.59,221.4813343,6.891
2,6,10,0,45351.98,221.4813343,6.891
2,6,4,0,46315.63,221.4813343,6.891
2,6,2,0,66611.66,221.4813343,6.891
2,6,14,0,20047.01,221.4813343,6.891
2,6,7,0,41946.63,221.4813343,6.891
2,7,1,0,24052.7,221.5215064,6.565
2,7,11,0,30681.78,221.5215064,6.565
2,7,17,0,14409.95,221.5215064,6.565
2,7,79,0,31446.54,221.5616784,6.565
2,7,4,0,44568.55,221.5616784,6.565
2,7,16,0,28746.12,221.5616784,6.565
2,7,11,0,26051.86,221.5616784,6.565
2,7,94,0,69064.94,221.5616784,6.565
2,7,74,0,17943.11,221.5616784,6.565
2,7,49,0,16313.62,221.5616784,6.565
2,7,2,0,65537.3,221.5701123,6.565
2,7,10,0,39567.8,221.5701123,6.565
2,7,34,0,14703.26,221.5701123,6.565
2,7,58,0,18185.0,221.5701123,6.565
2,7,2,0,66605.41,221.5785461,6.565
2,7,96,0,36229.15,221.5785461,6.565
2,7,94,0,69258.95,221.5785461,6.565
2,8,14,0,16229.35,221.5869799,6.565
2,8,10,0,44013.33,221.5869799,6.565
2,8,24,0,11212.86,221.5954138,6.565
2,8,96,0,36033.46,221.5954138,6.565
2,8,90,0,97053.99,221.5954138,6.565
2,8,8,0,55758.16,221.5954138,6.565
2,8,79,0,32215.8,221.5954138,6.565
2,8,14,0,17308.87,221.5954138,6.565
2,8,8,0,56043.0,221.6751459,6.565
2,8,95,0,151758.6,221.6751459,6.565
2,8,94,0,74809.81,221.6751459,6.565
2,8,58,0,33895.0,221.6751459,6.565
2,8,4,0,46393.79,221.8083518,6.565
2,8,97,0,38019.94,221.8083518,6.565
2,8,3,0,66388.36,221.8083518,6.565
2,8,24,0,23163.57,221.8083518,6.565
2,8,4,0,48887.63,221.9415576,6.565
2,8,17,0,14446.1,221.9415576,6.565
2,8,80,0,25772.72,221.9415576,6.565
2,8,58,0,19490.0,221.9415576,6.565
2,9,17,1,13742.84,222.0747635,6.565
2,9,1,1,25270.06,222.0747635,6.565
2,9,16,1,21633.53,222.0747635,6.565
2,9,87,1,26493.9,222.0747635,6.565
2,9,3,1,23422.0,222.0747635,6.565
2,9,4,0,42250.04,222.2174395,6.565
